0 87 3 51 2 48 2 26 2 31 1 32 1
2 61 1 33 1 35 1 19 2 30 2 36 2
3 244 3 193 4 189 5 166 6 169 6 162 6
4 190 3 150 3 152 2 134 3 142 2 143 2
5 146 1 110 1 113 1 97 1 107 1 110 1
6 223 5 176 5 174 5 153 6 157 6 152 6
7 136 5 102 5 105 5 91 5 102 5 105 5
8 230 7 181 7 178 7 155 7 158 7 153 7
10 72 5 46 5 50 5 37 6 50 6 56 6
11 131 4 97 4 101 4 86 5 97 5 101 5
12 242 0 193 0 190 0 169 0 173 1 168 1
13 129 4 96 4 100 5 87 6 98 6 102 6
14 123 3 83 3 75 2 50 2 52 2 49 2
18 117 1 81 1 79 1 59 2 65 2 66 2
20 171 3 125 4 119 4 94 5 94 5 90 5
21 99 4 69 4 73 5 58 6 69 5 75 6
24 67 1 43 1 48 1 35 2 48 2 55 2
25 102 3 70 3 72 4 54 4 64 4 67 4
27 114 3 77 4 72 5 50 6 54 6 53 6
28 85 4 50 4 47 3 26 4 31 3 32 4
29 194 1 144 1 136 1 109 1 108 1 100 1
30 222 1 174 2 171 2 148 3 150 2 145 3
33 200 1 152 1 146 0 121 1 121 1 115 1
35 100 2 69 2 71 1 54 2 65 2 68 2
36 244 4 190 5 183 5 155 6 154 6 145 6
38 192 4 150 5 150 5 130 6 137 5 136 6
39 170 1 124 1 118 1 91 2 92 2 87 2
40 188 4 143 3 139 3 117 3 120 2 116 3
41 197 4 154 5 154 5 134 5 140 5 139 5
43 103 5 66 5 62 6 40 7 44 6 44 7
44 218 3 171 4 169 4 148 4 151 4 148 4
45 195 5 145 6 138 6 112 7 110 6 103 7
46 61 3 30 3 30 2 11 3 20 2 23 3
48 97 3 67 2 70 2 54 2 65 2 69 1
49 233 4 182 3 176 3 151 3 152 2 145 3
