17 0 10001110001101010100110000111100111 10010010001001111101010001111101001 10010110010010011101100010111011000 10001100011011110111110011110100000 10010010101100001100110100110100000 10010110111010101000000101110000000 
17 1 00000000000000000000000000000000000 00000000000000000000000000000000000 00000000000000000000000000000000000 00000000000000000000000000000000000 00000000000000000000000000000000000 00000000000000000000000000000000000 
19 0 10010010001001110101110000111100001 10010110010100001101110001000000111 10010100011011001010110010111100100 10001100100011001000000011111000000 10010010110001110111110100111010000 10010001000000011010000101110110000 
19 1 00000000000000000000000000000000000 00000000000000000000000000000000000 00000000000000000000000000000000000 00000000000000000000000000000000000 00000000000000000000000000000000000 00000000000000000000000000000000000 
21 0 10001110001010111111110000000001110 10010010010110001010000001000010100 10010100011110001111010010000011100 10001100011000001101100011111100000 10010000101001100011000100111100000 10010100111010010010110101111010000 
21 1 00000000000000000000000000000000000 00000000000000000000000000000000000 00000000000000000000000000000000000 00000000000000000000000000000000000 00000000000000000000000000000000000 00000000000000000000000000000000000 
49 0 10001100001101010000000000111100100 10010000001001111001100001111101001 10010100010010011111010010111101101 10001100011100000111100011111000000 10010010101100101101110100110100000 10010110111011100010100101110000000 
49 1 00000000000000000000000000000000000 00000000000000000000000000000000000 00000000000000000000000000000000000 00000000000000000000000000000000000 00000000000000000000000000000000000 00000000000000000000000000000000000 
51 0 10010000001100011110110000111110110 10010110001001000110000001111110000 10011010010001111000100010111101101 10001100011100010100110011111100000 10010010101110010100010100111100000 10010000110000000111010101111000000 
51 0 00000000000000000000000000000000000 00000000000000000000000000000000000 00000000000000000000000000000000000 00000000000000000000000000000000000 00000000000000000000000000000000000 10010000111111101100000101111010000 
51 1 00000000000000000000000000000000000 00000000000000000000000000000000000 00000000000000000000000000000000000 00000000000000000000000000000000000 00000000000000000000000000000000000 00000000000000000000000000000000000 
55 0 10010010001101111110110000111110101 10010110001011001010110001111101101 10010100010100101100000010111110111 10001100010000101101110011111010000 10010010100011001111100100111000000 10010000110101011100000101111010000 
55 1 00000000000000000000000000000000000 00000000000000000000000000000000000 00000000000000000000000000000000000 00000000000000000000000000000000000 00000000000000000000000000000000000 00000000000000000000000000000000000 
66 0 10010010001100000111010000111111100 10010000001000011000100001111010100 10010100010000101101110010111011010 10001100011010001100000011111010000 10010010101011001100100100111000000 10010110111011000011100101110110000 
66 1 00000000000000000000000000000000000 00000000000000000000000000000000000 00000000000000000000000000000000000 00000000000000000000000000000000000 00000000000000000000000000000000000 00000000000000000000000000000000000 
81 0 10001100001010100001100000111100011 10010110010101001000100001111111010 10011010011100011010010010111111000 10001100100100110000110011111010000 10010000110011110010010100111000000 10010101000010010111110101110100000 
81 1 00000000000000000000000000000000000 00000000000000000000000000000000000 00000000000000000000000000000000000 00000000000000000000000000000000000 00000000000000000000000000000000000 00000000000000000000000000000000000 
99 0 10010000001101100101110000111100110 10010100001010010111000001111101111 10011010010011000001100010111001001 10001100011100101011000011110110000 10010010101101001011110100110100000 10010110111011110011000101101110000 
99 1 00000000000000000000000000000000000 00000000000000000000000000000000000 00000000000000000000000000000000000 00000000000000000000000000000000000 00000000000000000000000000000000000 00000000000000000000000000000000000 
107 0 10001100001100001000010000000000101 10010000001000100001000001111111111 10010110010001000110110010111101010 10001110011011001011110011111100000 10001100101100110110110100111100000 10010000111101111001010101111100000 
107 1 00000000000000000000000000000000000 00000000000000000000000000000000000 00000000000000000000000000000000000 00000000000000000000000000000000000 00000000000000000000000000000000000 00000000000000000000000000000000000 
126 0 10010010001100101001010000000000001 10010110001001011010110001111110100 10011010010010100001010010111110101 10010010011101101100010011111110000 10010000100000100110110100111100000 10010110110011001100010101111100000 
126 1 00000000000000000000000000000000000 00000000000000000000000000000000000 00000000000000000000000000000000000 00000000000000000000000000000000000 00000000000000000000000000000000000 00000000000000000000000000000000000 
131 0 10001110001010011100110000111111000 10010010010101011100010001000010010 10010110011101011111010010000010000 10001100100111010111010011000000000 10010010101001010000100100111110000 10010110111010110001110101111110000 
131 1 00000000000000000000000000000000000 00000000000000000000000000000000000 00000000000000000000000000000000000 00000000000000000000000000000000000 00000000000000000000000000000000000 00000000000000000000000000000000000 
134 0 10010000001101110110010000000001010 10010110001011000101010001111100111 10010100010100110011000010000001001 10001110010001010010100011111010000 10001100100100100111100100111100000 10010010110111101110100101111100000 
134 0 00000000000000000000000000000000000 00000000000000000000000000000000000 00000000000000000000000000000000000 00000000000000000000000000000000000 10010010100100101001000100111100000 00000000000000000000000000000000000 
134 1 00000000000000000000000000000000000 00000000000000000000000000000000000 00000000000000000000000000000000000 00000000000000000000000000000000000 00000000000000000000000000000000000 00000000000000000000000000000000000 
137 0 10010010001101110011010000000011101 10010000001011001010000001111110011 10010100010101010000100010000000100 10001100010010100011100011111110000 10010000100111001110100100000000000 10010110101100000010010101000000000 
137 1 00000000000000000000000000000000000 00000000000000000000000000000000000 00000000000000000000000000000000000 00000000000000000000000000000000000 00000000000000000000000000000000000 00000000000000000000000000000000000 
172 0 10010000001100011101110000111111111 10010110001000111000000001111101100 10010100010001000110100010111011111 10001110011010010110010011111000000 10001100101010110110000100110100000 10010010111010000011000101110010000 
172 1 00000000000000000000000000000000000 00000000000000000000000000000000000 00000000000000000000000000000000000 00000000000000000000000000000000000 00000000000000000000000000000000000 00000000000000000000000000000000000 
179 0 10010010001100010100110000000010111 10010000001000111011000001111110011 10010100010001111010010010111111110 10001110011100111001010011000000000 10010010101111100011100100000000000 10010000110010010100010101111100000 
179 1 00000000000000000000000000000000000 00000000000000000000000000000000000 00000000000000000000000000000000000 00000000000000000000000000000000000 00000000000000000000000000000000000 00000000000000000000000000000000000 
190 0 10010010001100010100000000000000101 10010110001000111100000001111111011 10010100010001110011010010111110100 10001100011100101000010011000000000 10010010101111000111110100111110000 10010000110001101010000101111010000 
190 1 00000000000000000000000000000000000 00000000000000000000000000000000000 00000000000000000000000000000000000 00000000000000000000000000000000000 00000000000000000000000000000000000 00000000000000000000000000000000000 
191 0 10010010001001001000010000000001010 10010110010011011101110001000001000 10011010011010101011010010111101001 10001100100011001101010011000000000 10010000110011011110010100111100000 10010111000011101101110101000000000 
191 1 00000000000000000000000000000000000 00000000000000000000000000000000000 00000000000000000000000000000000000 00000000000000000000000000000000000 00000000000000000000000000000000000 00000000000000000000000000000000000 
193 0 10001010001110101010010000111100000 10001100001011111110110001111111100 10010000010101100100010010111100001 10001100010001011111000011110110000 10010000100011011001010100110100000 10010100110100101110010101110100000 
193 0 00000000000000000000000000000000000 00000000000000000000000000000000000 10010110010101100011010010111101111 00000000000000000000000000000000000 00000000000000000000000000000000000 00000000000000000000000000000000000 
193 1 00000000000000000000000000000000000 00000000000000000000000000000000000 00000000000000000000000000000000000 00000000000000000000000000000000000 00000000000000000000000000000000000 00000000000000000000000000000000000 
210 0 10001110001101000000100000111110001 10010010001001100100110001111101101 10010000010010001100000010111011010 10001110011011110101000011111000000 10001100101100100101000100110110000 10010010111100000001010101110100000 
210 1 00000000000000000000000000000000000 00000000000000000000000000000000000 00000000000000000000000000000000000 00000000000000000000000000000000000 00000000000000000000000000000000000 00000000000000000000000000000000000 
215 0 10010010001110101000010000111111000 10010110001100001000110001111111110 10010100010110001101100010111110101 10001100010011001100110011111010000 10010010100110110010110100111010000 10010110101010000100100101110110000 
215 1 00000000000000000000000000000000000 00000000000000000000000000000000000 00000000000000000000000000000000000 00000000000000000000000000000000000 00000000000000000000000000000000000 00000000000000000000000000000000000 
216 0 10001110000000000101100000111101000 10001100001100011100100001111110010 10010000010110001011010010111011100 10001110010010010010110011110110000 10001100100100001011100100110100000 10010010110101100111110101110010000 
216 0 10001110001110111011110000111110101 00000000000000000000000000000000000 00000000000000000000000000000000000 00000000000000000000000000000000000 00000000000000000000000000000000000 00000000000000000000000000000000000 
216 1 00000000000000000000000000000000000 00000000000000000000000000000000000 00000000000000000000000000000000000 00000000000000000000000000000000000 00000000000000000000000000000000000 00000000000000000000000000000000000 
235 0 10001010001010101100100000111110001 10001100010101110010100001000001100 10010000011101111001110010000001011 10001110100111110101110011000000000 10001100101001100111010100111110000 10010000111010111100110101111110000 
235 0 00000000000000000000000000000000000 00000000000000000000000000000000000 00000000000000000000000000000000000 00000000000000000000000000000000000 10010010101001101001000100111110000 00000000000000000000000000000000000 
235 1 00000000000000000000000000000000000 00000000000000000000000000000000000 00000000000000000000000000000000000 00000000000000000000000000000000000 00000000000000000000000000000000000 00000000000000000000000000000000000 
236 0 10010000001101110011010000000011010 10010100001011000001010001111101111 10011010010100101101000010000000010 10001100010001001000010011111010000 10010000100100011010010100111100000 10010110110111011010100101111100000 
236 1 00000000000000000000000000000000000 00000000000000000000000000000000000 00000000000000000000000000000000000 00000000000000000000000000000000000 00000000000000000000000000000000000 00000000000000000000000000000000000 
237 0 10010010001011110110010000000001011 10010000001000001010110001111110101 10010100010000110000000010111111101 10001100011010111011000011111100000 10010010101100111000010100111110000 10010000111110011000110101111100000 
237 1 00000000000000000000000000000000000 00000000000000000000000000000000000 00000000000000000000000000000000000 00000000000000000000000000000000000 00000000000000000000000000000000000 00000000000000000000000000000000000 
238 0 10001100001010000110010000000000111 10010010010100110111110001000000000 10010110011100101001100010000011110 10001110100110000110010011000000000 10001100110111010011010100000010000 10010010111000100011100101000000000 
238 1 00000000000000000000000000000000000 00000000000000000000000000000000000 00000000000000000000000000000000000 00000000000000000000000000000000000 00000000000000000000000000000000000 00000000000000000000000000000000000 
241 0 10001110001011000110010000111010101 10010000010101110101110001111111010 10010100011101000101110010111010001 10001100100101001111000011111000000 10010000110011011111010100110010000 10010101000001000111100101110010000 
241 1 00000000000000000000000000000000000 00000000000000000000000000000000000 00000000000000000000000000000000000 00000000000000000000000000000000000 00000000000000000000000000000000000 00000000000000000000000000000000000 
244 0 10010000001011110010000000111111111 10010110001000001010100001000001100 10010110010000101100110010111110000 10001110011010111100110011111100000 10001100101101000001000100111110000 10010010111110101110110101111010000 
244 1 00000000000000000000000000000000000 00000000000000000000000000000000000 00000000000000000000000000000000000 00000000000000000000000000000000000 00000000000000000000000000000000000 00000000000000000000000000000000000 
245 0 10010010001110100100110000111111110 10010000001100000010110001111111101 10010110010110000100110010000001010 10001110010010111111010011111010000 10001100100110011111000100111100000 10010010101001110010000101111000000 
245 1 00000000000000000000000000000000000 00000000000000000000000000000000000 00000000000000000000000000000000000 00000000000000000000000000000000000 00000000000000000000000000000000000 00000000000000000000000000000000000 
249 0 10001100001101110111110000111101111 10010010001011000010100001111101100 10010000010100100010110010000001010 10001000010000100001110011111010000 10001100100010110101100100111000000 10010010110101000000110101111000000 
249 0 00000000000000000000000000000000000 00000000000000000000000000000000000 00000000000000000000000000000000000 10001110010000011101100011111010000 00000000000000000000000000000000000 00000000000000000000000000000000000 
249 1 00000000000000000000000000000000000 00000000000000000000000000000000000 00000000000000000000000000000000000 00000000000000000000000000000000000 00000000000000000000000000000000000 00000000000000000000000000000000000 
257 0 10001010001000111011110000111110000 10001100010011001010100001111111101 10010000011010001110100010111111101 10001110100010100001010011111100000 10001100110010011110110100111110000 10010001000010100000010101111110000 
257 0 00000000000000000000000000000000000 00000000000000000000000000000000000 00000000000000000000000000000000000 00000000000000000000000000000000000 10010010110010100000000100111110000 00000000000000000000000000000000000 
257 1 00000000000000000000000000000000000 00000000000000000000000000000000000 00000000000000000000000000000000000 00000000000000000000000000000000000 00000000000000000000000000000000000 00000000000000000000000000000000000 
259 0 10001110001110101101110000111101000 10001100001100000111110001111110101 10010000010101101101110010111101110 10001000010001101011000011110110000 10001100100011010000010100110010000 10010010110100100001100101110010000 
259 0 00000000000000000000000000000000000 00000000000000000000000000000000000 00000000000000000000000000000000000 10001110010001100110000011110110000 00000000000000000000000000000000000 00000000000000000000000000000000000 
259 1 00000000000000000000000000000000000 00000000000000000000000000000000000 00000000000000000000000000000000000 00000000000000000000000000000000000 00000000000000000000000000000000000 00000000000000000000000000000000000 
266 0 10001110001011101000010000111101010 10010010010110111001110001111110100 10010110011110111010100010111110010 10001100011000100100100011111010000 10010010101001001100010100111000000 10010110111000100101110101110110000 
266 1 00000000000000000000000000000000000 00000000000000000000000000000000000 00000000000000000000000000000000000 00000000000000000000000000000000000 00000000000000000000000000000000000 00000000000000000000000000000000000 
267 0 10001000001010111110010000111110101 10001100010110000110100001000000100 10010000011110001010100010000001000 10001110011000000100110011111100000 10001100101001010010000100111100000 10010000111001111101000101111010000 
267 1 00000000000000000000000000000000000 00000000000000000000000000000000000 00000000000000000000000000000000000 00000000000000000000000000000000000 00000000000000000000000000000000000 00000000000000000000000000000000000 
268 0 10010010001110110101010000111111101 10010110001100001000100001111101111 10011010010101100011100010111011101 10001100010001000100000011110100000 10010000100010001101000100110010000 10010100110010101000110101101110000 
268 1 00000000000000000000000000000000000 00000000000000000000000000000000000 00000000000000000000000000000000000 00000000000000000000000000000000000 00000000000000000000000000000000000 00000000000000000000000000000000000 
271 0 10001100001100110011010000111101001 10010000001001010001010001111011111 10010110010001101101000010111010101 10001110011011001000110011110110000 10010010101011101111000100110100000 10010000111010110011110101110010000 
271 1 00000000000000000000000000000000000 00000000000000000000000000000000000 00000000000000000000000000000000000 00000000000000000000000000000000000 00000000000000000000000000000000000 00000000000000000000000000000000000 
274 0 10001000001010100111110000000001101 10001100010101101101010001000001000 10010000011101110101010010000000111 10001110100111110100010011000000000 10010010101001101110000100000000000 10010000111011001100110101000000000 
274 1 00000000000000000000000000000000000 00000000000000000000000000000000000 00000000000000000000000000000000000 00000000000000000000000000000000000 00000000000000000000000000000000000 00000000000000000000000000000000000 
278 0 10001110001100011100000000000011001 10010010001001001010100001000000011 10010100010010010111000010000001011 10001100011101110011100011000000000 10010000100001001010110100111110000 10010100110100010011100101111110000 
278 1 00000000000000000000000000000000000 00000000000000000000000000000000000 00000000000000000000000000000000000 00000000000000000000000000000000000 00000000000000000000000000000000000 00000000000000000000000000000000000 
279 0 10010010001101001100010000000001001 10010000001010010001100001000000100 10010100010100000000010010000001110 10001110010000101011000011111110000 10010010100100110000010100000010000 10010000101001000011100101111110000 
279 1 00000000000000000000000000000000000 00000000000000000000000000000000000 00000000000000000000000000000000000 00000000000000000000000000000000000 00000000000000000000000000000000000 00000000000000000000000000000000000 
280 0 10001010001111000010110000111010001 10001110001100011111010001111110001 10010000010110001110000010111011101 10001110010010010100110011111000000 10010010100100001111100100110100000 10010000110101100100110101110100000 
280 0 00000000000000000000000000000000000 00000000000000000000000000000000000 00000000000000000000000000000000000 00000000000000000000000000000000000 00000000000000000000000000000000000 10010110110101011111010101110100000 
280 1 00000000000000000000000000000000000 00000000000000000000000000000000000 00000000000000000000000000000000000 00000000000000000000000000000000000 00000000000000000000000000000000000 00000000000000000000000000000000000 
288 0 10010010001101101100110000111111000 10010000001010110110000001111110011 10010100010100011101110010000001101 10001110010000110000010011111100000 10010010100011111000010100111100000 10010000110110110000110101111010000 
288 1 00000000000000000000000000000000000 00000000000000000000000000000000000 00000000000000000000000000000000000 00000000000000000000000000000000000 00000000000000000000000000000000000 00000000000000000000000000000000000 
291 0 10001100001110101100010000111101001 10010000001100001100010001111111101 10010100010110000100000010111111110 10001100010010100101100011110110000 10010010100101010110110100111010000 10010110110111100101000101110110000 
291 1 00000000000000000000000000000000000 00000000000000000000000000000000000 00000000000000000000000000000000000 00000000000000000000000000000000000 00000000000000000000000000000000000 00000000000000000000000000000000000 
305 0 10001110001100011110110000111100101 10010010001000101100110001111100011 10010100010000101110010010111011110 10001100011001010011110011110100000 10010000101001000110010100110010000 10010111000110111111000101110000000 
305 1 00000000000000000000000000000000000 00000000000000000000000000000000000 00000000000000000000000000000000000 00000000000000000000000000000000000 00000000000000000000000000000000000 00000000000000000000000000000000000 
310 0 10010010001010101001100000111111100 10010000010101011101110001111111000 10010110011100111110000010111111000 10001110100101110001010011111100000 10001100110101011001110100111010000 10010011000100101110000101111000000 
310 1 00000000000000000000000000000000000 00000000000000000000000000000000000 00000000000000000000000000000000000 00000000000000000000000000000000000 00000000000000000000000000000000000 00000000000000000000000000000000000 
315 0 10001000001101101110010000111101001 10001100001010100110010001111011111 10010010010011011100110010111010110 10001000011101100011010011110110000 10001100101110010101010100110100000 10010010111101101100000101110010000 
315 0 00000000000000000000000000000000000 00000000000000000000000000000000000 00000000000000000000000000000000000 10001110011101100000000011110110000 00000000000000000000000000000000000 00000000000000000000000000000000000 
315 1 00000000000000000000000000000000000 00000000000000000000000000000000000 00000000000000000000000000000000000 00000000000000000000000000000000000 00000000000000000000000000000000000 00000000000000000000000000000000000 
324 0 10001110001101101110010000000010100 10010010001011000110010001111111110 10010000010101000111100010000001000 10001110010010010010100011111110000 10001100100110110001000100000000000 10010010101011010101100101111110000 
324 1 00000000000000000000000000000000000 00000000000000000000000000000000000 00000000000000000000000000000000000 00000000000000000000000000000000000 00000000000000000000000000000000000 00000000000000000000000000000000000 
330 0 10010000001001001000000000111111010 10010100010011011010010001000001000 10011000011010100001110010111101010 10010010100010111001010011111110000 10010000110010110101100100111110000 10010101000010110000010101111110000 
330 1 00000000000000000000000000000000000 00000000000000000000000000000000000 00000000000000000000000000000000000 00000000000000000000000000000000000 00000000000000000000000000000000000 00000000000000000000000000000000000 
340 0 10001110001010001001110000111100100 10010000010100110010010001000001110 10010100011100010001100010111111100 10001100100101001001010011000000000 10010000110101010011110100111100000 10010111000101001101000101111110000 
340 1 00000000000000000000000000000000000 00000000000000000000000000000000000 00000000000000000000000000000000000 00000000000000000000000000000000000 00000000000000000000000000000000000 00000000000000000000000000000000000 
342 0 10010010001001010110010000111110101 10010110010011101000100001111111000 10010100011010100111000010111100001 10001100100010101110010011111010000 10010010110010000101000100111010000 10010001000001010110010101111100000 
342 0 00000000000000000000000000000000000 00000000000000000000000000000000000 10011010011010101000100010111111110 00000000000000000000000000000000000 00000000000000000000000000000000000 00000000000000000000000000000000000 
342 1 00000000000000000000000000000000000 00000000000000000000000000000000000 00000000000000000000000000000000000 00000000000000000000000000000000000 00000000000000000000000000000000000 00000000000000000000000000000000000 
350 0 10001110001110011010110000000000010 10010010001011111100000001111111010 10010000010101111110000010111110010 10001110010010111101000011111100000 10001100100110100111010100111100000 10010000101010000110100101111000000 
350 1 00000000000000000000000000000000000 00000000000000000000000000000000000 00000000000000000000000000000000000 00000000000000000000000000000000000 00000000000000000000000000000000000 00000000000000000000000000000000000 
