17 0 100010011101010100111011111110 100010100001111101011100111110 100100101010011101101100011101 100110011011110111110000011010 101010100100001100110000111010 101110101010101000000000111000 
17 1 000000000000000000000000000000 000000000000000000000000000000 000000000000000000000000000000 000000000000000000000000000000 000000000000000000000000000000 000000000000000000000000000000 
19 0 100010100001110101111000111110 100100101100001101111011100000 100110101011001010110010011110 101000011011001000000000011100 101100100001110111110000111101 110000100000011010000000011011 
19 1 000000000000000000000000000000 000000000000000000000000000000 000000000000000000000000000000 000000000000000000000000000000 000000000000000000000000000000 000000000000000000000000000000 
21 0 100010011010111111111111000000 100100100110001010001010000001 100110101110001111010110000001 100110011000001101100000011110 101010100001100011000000011110 101110101010010010110000011101 
21 1 000000000000000000000000000000 000000000000000000000000000000 000000000000000000000000000000 000000000000000000000000000000 000000000000000000000000000000 000000000000000000000000000000 
49 0 100010011101010000000010011110 100010100001111001100100111110 100100101010011111010110111110 100110011100000111100000011100 101010100100101101110000111010 101110101011100010100000111000 
49 1 000000000000000000000000000000 000000000000000000000000000000 000000000000000000000000000000 000000000000000000000000000000 000000000000000000000000000000 000000000000000000000000000000 
51 0 100010100100011110110011011111 100010101001000110001000011111 100100110001111000101110111110 100110011100010100110000011110 101010100110010100010000111110 101100100000000111010000011100 
51 0 000000000000000000000000000000 000000000000000000000000000000 000000000000000000000000000000 000000000000000000000000000000 000000000000000000000000000000 101110100111101100000000011101 
51 1 000000000000000000000000000000 000000000000000000000000000000 000000000000000000000000000000 000000000000000000000000000000 000000000000000000000000000000 000000000000000000000000000000 
55 0 100010100101111110111010111111 100010101011001010111110111110 100100101100101100000011111111 100100011000101101110000011101 101000100011001111100000111100 101100100101011100000000011101 
55 1 000000000000000000000000000000 000000000000000000000000000000 000000000000000000000000000000 000000000000000000000000000000 000000000000000000000000000000 000000000000000000000000000000 
66 0 100010100100000111011110011111 100010100000011000100010011101 100100101000101101110101011101 100110011010001100000000011101 101010100011001100100000111100 101110101011000011100000111011 
66 1 000000000000000000000000000000 000000000000000000000000000000 000000000000000000000000000000 000000000000000000000000000000 000000000000000000000000000000 000000000000000000000000000000 
81 0 100010011010100001100001111110 100100101101001000101101011111 100110110100011010011100011111 101000011100110000110000011101 101100100011110010010000011100 110000101010010111110000011010 
81 1 000000000000000000000000000000 000000000000000000000000000000 000000000000000000000000000000 000000000000000000000000000000 000000000000000000000000000000 000000000000000000000000000000 
99 0 100010100101100101110011011110 100010101010010111000111111110 100100110011000001101100111100 100110011100101011000000011011 101010100101001011110000111010 101110101011110011000000110111 
99 1 000000000000000000000000000000 000000000000000000000000000000 000000000000000000000000000000 000000000000000000000000000000 000000000000000000000000000000 000000000000000000000000000000 
107 0 100010011100001000010010100000 100010100000100001000111111111 100100101001000110111101011110 100110011011001011110000111110 101010011100110110110000011110 101110100101111001010000011110 
107 1 000000000000000000000000000000 000000000000000000000000000000 000000000000000000000000000000 000000000000000000000000000000 000000000000000000000000000000 000000000000000000000000000000 
126 0 100010100100101001011000100000 100010101001011010111010011111 100100110010100001011010111111 100110100101101100010000111111 101000100000100110110000011110 101100101011001100010000111110 
126 1 000000000000000000000000000000 000000000000000000000000000000 000000000000000000000000000000 000000000000000000000000000000 000000000000000000000000000000 000000000000000000000000000000 
131 0 100010011010011100111100011111 100100100101011100011001000001 100110101101011111011000000001 101000011111010111010000000000 101010100001010000100000111111 101110101010110001110000111111 
131 1 000000000000000000000000000000 000000000000000000000000000000 000000000000000000000000000000 000000000000000000000000000000 000000000000000000000000000000 000000000000000000000000000000 
134 0 100010100101110110010101000000 100010101011000101011011111110 100100101100110011000100100000 100100011001010010100000111101 101000011100100111100000011110 101100100111101110100000111110 
134 0 000000000000000000000000000000 000000000000000000000000000000 000000000000000000000000000000 000000000000000000000000000000 101000100100101001000000111110 000000000000000000000000000000 
134 1 000000000000000000000000000000 000000000000000000000000000000 000000000000000000000000000000 000000000000000000000000000000 000000000000000000000000000000 000000000000000000000000000000 
137 0 100010100101110011011110100001 100010100011001010000001111111 100100101101010000100010000000 100100011010100011100000011111 101000100111001110100000000000 101010101100000010010000100000 
137 1 000000000000000000000000000000 000000000000000000000000000000 000000000000000000000000000000 000000000000000000000000000000 000000000000000000000000000000 000000000000000000000000000000 
172 0 100010100100011101110111111111 100010101000111000001110011110 100100101001000110100111111101 100110011010010110010000111100 101010011010110110000000011010 101110100010000011000000111001 
172 1 000000000000000000000000000000 000000000000000000000000000000 000000000000000000000000000000 000000000000000000000000000000 000000000000000000000000000000 000000000000000000000000000000 
179 0 100010100100010100111011100001 100010100000111011000001111111 100100101001111010010111011111 100110011100111001010000100000 101010100111100011100000100000 101100100010010100010000011110 
179 1 000000000000000000000000000000 000000000000000000000000000000 000000000000000000000000000000 000000000000000000000000000000 000000000000000000000000000000 000000000000000000000000000000 
190 0 100010100100010100001010100000 100010101000111100001101111111 100100101001110011010010011111 100110011100101000010000000000 101010100111000111110000111111 101100100001101010000000011101 
190 1 000000000000000000000000000000 000000000000000000000000000000 000000000000000000000000000000 000000000000000000000000000000 000000000000000000000000000000 000000000000000000000000000000 
191 0 100010100001001000011101000000 100100101011011101111100000000 100110110010101011011100111110 101000011011001101010000000000 101100100011011110010000011110 110000101011101101110000100000 
191 1 000000000000000000000000000000 000000000000000000000000000000 000000000000000000000000000000 000000000000000000000000000000 000000000000000000000000000000 000000000000000000000000000000 
193 0 100010010110101010011000011110 100010011011111110110110011111 100100100101100100010000111110 100100011001011111000000011011 101000100011011001010000011010 101100101100101110010000011010 
193 0 000000000000000000000000000000 000000000000000000000000000000 100100101101100011011111111110 000000000000000000000000000000 000000000000000000000000000000 000000000000000000000000000000 
193 1 000000000000000000000000000000 000000000000000000000000000000 000000000000000000000000000000 000000000000000000000000000000 000000000000000000000000000000 000000000000000000000000000000 
210 0 100010011101000000101000111111 100010100001100100111110111110 100100100010001100000101011101 100110011011110101000000111100 101010011100100101000000011011 101110100100000001010000111010 
210 1 000000000000000000000000000000 000000000000000000000000000000 000000000000000000000000000000 000000000000000000000000000000 000000000000000000000000000000 000000000000000000000000000000 
215 0 100010100110101000011100011111 100010101100001000111111011111 100100101110001101100010111111 100100011011001100110000011101 101000100110110010110000111101 101010101010000100100000111011 
215 1 000000000000000000000000000000 000000000000000000000000000000 000000000000000000000000000000 000000000000000000000000000000 000000000000000000000000000000 000000000000000000000000000000 
216 0 100010011110111011111010111111 100010011100011100100001011111 100100100110001011010110011101 100100011010010010110000111011 101000011100001011100000011010 101100100101100111110000111001 
216 1 000000000000000000000000000000 000000000000000000000000000000 000000000000000000000000000000 000000000000000000000000000000 000000000000000000000000000000 000000000000000000000000000000 
235 0 100010010010101100101000111111 100100011101110010100110000000 100110100101111001110101100000 101000011111110101110000100000 101010011001100111010000011111 101110100010111100110000011111 
235 0 000000000000000000000000000000 000000000000000000000000000000 000000000000000000000000000000 000000000000000000000000000000 101010100001101001000000111111 000000000000000000000000000000 
235 1 000000000000000000000000000000 000000000000000000000000000000 000000000000000000000000000000 000000000000000000000000000000 000000000000000000000000000000 000000000000000000000000000000 
236 0 100010100101110011010101000001 100010101011000001010111111110 100100110100101101001001000000 100100011001001000010000011101 101000100100011010010000011110 101100101111011010100000111110 
236 1 000000000000000000000000000000 000000000000000000000000000000 000000000000000000000000000000 000000000000000000000000000000 000000000000000000000000000000 000000000000000000000000000000 
237 0 100010100011110110011101100000 100010100000001010110010111111 100100101000110000000110111111 100110011010111011000000011110 101010100100111000010000111111 101110100110011000110000011110 
237 1 000000000000000000000000000000 000000000000000000000000000000 000000000000000000000000000000 000000000000000000000000000000 000000000000000000000000000000 000000000000000000000000000000 
238 0 100010011010000110010011100000 100100100100110111111000000000 100110101100101001101111000001 101000011110000110010000100000 101100011111010011010000000001 101110100000100011100000100000 
238 1 000000000000000000000000000000 000000000000000000000000000000 000000000000000000000000000000 000000000000000000000000000000 000000000000000000000000000000 000000000000000000000000000000 
241 0 100010011011000110011010111101 100100100101110101110101011111 100110101101000101110000111101 101000011101001111000000011100 101100100011011111010000011001 110000101001000111100000011001 
241 1 000000000000000000000000000000 000000000000000000000000000000 000000000000000000000000000000 000000000000000000000000000000 000000000000000000000000000000 000000000000000000000000000000 
244 0 100010100011110010000111111111 100010101000001010101110000000 100100101000101100111000011111 100110011010111100110000111110 101010011101000001000000011111 101110100110101110110000111101 
244 1 000000000000000000000000000000 000000000000000000000000000000 000000000000000000000000000000 000000000000000000000000000000 000000000000000000000000000000 000000000000000000000000000000 
245 0 100010100110100100111111011111 100010100100000010110110111111 100100101110000100111101000000 100100011010111111010000111101 101000011110011111000000011110 101010100001110010000000111100 
245 1 000000000000000000000000000000 000000000000000000000000000000 000000000000000000000000000000 000000000000000000000000000000 000000000000000000000000000000 000000000000000000000000000000 
249 0 100010011101110111110111111110 100010100011000010101110011110 100100100100100010110101000000 100100011000011101100000111101 101000011010110101100000011100 101100100101000000110000111100 
249 1 000000000000000000000000000000 000000000000000000000000000000 000000000000000000000000000000 000000000000000000000000000000 000000000000000000000000000000 000000000000000000000000000000 
257 0 100010010000111011111000011111 100100011011001010100110111111 100110100010001110100110111111 101000011010100001010000111110 101100011010011110110000011111 110000100010100000010000011111 
257 0 000000000000000000000000000000 000000000000000000000000000000 000000000000000000000000000000 000000000000000000000000000000 101100100010100000000000111111 000000000000000000000000000000 
257 1 000000000000000000000000000000 000000000000000000000000000000 000000000000000000000000000000 000000000000000000000000000000 000000000000000000000000000000 000000000000000000000000000000 
259 0 100010011110101101111100011110 100010011100000111110010111111 100100100101101101110111011110 100100011001100110000000111011 101000011011010000010000011001 101100100100100001100000111001 
259 1 000000000000000000000000000000 000000000000000000000000000000 000000000000000000000000000000 000000000000000000000000000000 000000000000000000000000000000 000000000000000000000000000000 
266 0 100010011011101000011101011110 100100100110111001111010011111 100110101110111010101001011111 100110011000100100100000011101 101010100001001100010000111100 101110101000100101110000111011 
266 1 000000000000000000000000000000 000000000000000000000000000000 000000000000000000000000000000 000000000000000000000000000000 000000000000000000000000000000 000000000000000000000000000000 
267 0 100010010010111110010010111111 100100011110000110100010000000 100110100110001010100100000000 100110011000000100110000111110 101010011001010010000000011110 101110100001111101000000011101 
267 1 000000000000000000000000000000 000000000000000000000000000000 000000000000000000000000000000 000000000000000000000000000000 000000000000000000000000000000 000000000000000000000000000000 
268 0 100010100110110101011110111111 100010101100001000101111111110 100100110101100011101110111101 100100011001000100000000011010 101000100010001101000000011001 101100101010101000110000010111 
268 1 000000000000000000000000000000 000000000000000000000000000000 000000000000000000000000000000 000000000000000000000000000000 000000000000000000000000000000 000000000000000000000000000000 
271 0 100010011100110011010100111110 100010100001010001010111111101 100100101001101101001010111101 100110011011001000110000111011 101010100011101111000000111010 101110100010110011110000011001 
271 1 000000000000000000000000000000 000000000000000000000000000000 000000000000000000000000000000 000000000000000000000000000000 000000000000000000000000000000 000000000000000000000000000000 
274 0 100010010010100111110110100000 100100011101101101010100000000 100110100101110101010011100000 101000011111110100010000100000 101010100001101110000000100000 101110100011001100110000000000 
274 1 000000000000000000000000000000 000000000000000000000000000000 000000000000000000000000000000 000000000000000000000000000000 000000000000000000000000000000 000000000000000000000000000000 
278 0 100010011100011100001100100001 100010100001001010101001100000 100100101010010111000101100000 100110011101110011100000000000 101000100001001010110000011111 101100101100010011100000011111 
278 1 000000000000000000000000000000 000000000000000000000000000000 000000000000000000000000000000 000000000000000000000000000000 000000000000000000000000000000 000000000000000000000000000000 
279 0 100010100101001100011100100000 100010100010010001100010000000 100100101100000000010111000000 100100011000101011000000111111 101000100100110000010000100001 101010100001000011100000011111 
279 1 000000000000000000000000000000 000000000000000000000000000000 000000000000000000000000000000 000000000000000000000000000000 000000000000000000000000000000 000000000000000000000000000000 
280 0 100010010111000010111000111101 100010011100011111011000111111 100100100110001110000110111101 100100011010010100110000111100 101000100100001111100000111010 101100100101100100110000011010 
280 0 000000000000000000000000000000 000000000000000000000000000000 000000000000000000000000000000 000000000000000000000000000000 000000000000000000000000000000 101100101101011111010000111010 
280 1 000000000000000000000000000000 000000000000000000000000000000 000000000000000000000000000000 000000000000000000000000000000 000000000000000000000000000000 000000000000000000000000000000 
288 0 100010100101101100111100011111 100010100010110110000001111111 100100101100011101110110100000 100100011000110000010000111110 101000100011111000010000111110 101100100110110000110000011101 
288 1 000000000000000000000000000000 000000000000000000000000000000 000000000000000000000000000000 000000000000000000000000000000 000000000000000000000000000000 000000000000000000000000000000 
291 0 100010011110101100010100111110 100010100100001100010110111111 100100101110000100000111011111 100100011010100101100000011011 101000100101010110110000111101 101100101111100101000000111011 
291 1 000000000000000000000000000000 000000000000000000000000000000 000000000000000000000000000000 000000000000000000000000000000 000000000000000000000000000000 000000000000000000000000000000 
305 0 100010011100011110111010111110 100010100000101100111001111110 100100101000101110010111011101 100110011001010011110000011010 101010100001000110010000011001 110000101110111111000000111000 
305 1 000000000000000000000000000000 000000000000000000000000000000 000000000000000000000000000000 000000000000000000000000000000 000000000000000000000000000000 000000000000000000000000000000 
310 0 100010100010101001101110011111 100100100101011101110100011111 100110101100111110001100011111 101000011101110001010000111110 101100011101011001110000011101 110000100100101110000000111100 
310 1 000000000000000000000000000000 000000000000000000000000000000 000000000000000000000000000000 000000000000000000000000000000 000000000000000000000000000000 000000000000000000000000000000 
315 0 100010010101101110010100111110 100010011010100110010111111101 100100100011011100111011011101 100110011101100000000000111011 101010011110010101010000011010 101110100101101100000000111001 
315 1 000000000000000000000000000000 000000000000000000000000000000 000000000000000000000000000000 000000000000000000000000000000 000000000000000000000000000000 000000000000000000000000000000 
324 0 100010011101101110011010000001 100010100011000110011111011111 100100100101000111100100000000 100100011010010010100000111111 101000011110110001000000000000 101010100011010101100000111111 
324 1 000000000000000000000000000000 000000000000000000000000000000 000000000000000000000000000000 000000000000000000000000000000 000000000000000000000000000000 000000000000000000000000000000 
330 0 100010100001001000000101011111 100100101011011010010100000000 100110110010100001110101011110 101000100010111001010000111111 101100100010110101100000011111 110000101010110000010000011111 
330 1 000000000000000000000000000000 000000000000000000000000000000 000000000000000000000000000000 000000000000000000000000000000 000000000000000000000000000000 000000000000000000000000000000 
340 0 100010011010001001111010011110 100100100100110010010111000000 100110101100010001100110011111 101000011101001001010000000000 101100100101010011110000011110 110000101101001101000000111111 
340 1 000000000000000000000000000000 000000000000000000000000000000 000000000000000000000000000000 000000000000000000000000000000 000000000000000000000000000000 000000000000000000000000000000 
342 0 100010100001010110011010111111 100100101011101000101100011111 100110101010100111000000111110 101000011010101110010000011101 101100100010000101000000111101 110000100001010110010000011110 
342 0 000000000000000000000000000000 000000000000000000000000000000 100110110010101000101111011111 000000000000000000000000000000 000000000000000000000000000000 000000000000000000000000000000 
342 1 000000000000000000000000000000 000000000000000000000000000000 000000000000000000000000000000 000000000000000000000000000000 000000000000000000000000000000 000000000000000000000000000000 
350 0 100010011110011010111001000000 100010100011111100001101011111 100100100101111110000001011111 100100011010111101000000111110 101000011110100111010000011110 101010100010000110100000011100 
350 1 000000000000000000000000000000 000000000000000000000000000000 000000000000000000000000000000 000000000000000000000000000000 000000000000000000000000000000 000000000000000000000000000000 
