0 0 1000100101010110011101100 1000100110001011010100001 1001001001010111110001011 1001100110100101110000000 0000000000000000000000000 0000000000000000000000000 
0 0 1000100100100111011101101 1000100110001011111011010 1001001000110110000010100 1001100111101110100100000 0000000000000000000000000 0000000000000000000000000 
0 0 1000100100100111011101101 1000101000110111000001110 1001001011001111010110001 1001101000111001100000000 0000000000000000000000000 0000000000000000000000000 
0 0 1000100101010011010110110 1000101000110111001010000 1001001011110101010111100 1001101001111010011100000 0000000000000000000000000 0000000000000000000000000 
0 0 1000100100100111001010111 1000101000110111001010001 1001001101011010101000011 1010001000111001000100001 0000000000000000000000000 0000000000000000000000000 
0 0 1000100111000111011001100 1000101000110110100010011 1001001100011101111000111 0000000000000000000000000 0000000000000000000000000 0000000000000000000000000 
0 0 1000100111100100010111100 1000101010101000000011011 1001001100111101100110010 0000000000000000000000000 0000000000000000000000000 0000000000000000000000000 
0 0 1000101000100100001101000 1001000111010011100000100 1001001100010111100110101 0000000000000000000000000 0000000000000000000000000 0000000000000000000000000 
0 0 1000101001100110100010000 1001001000110110010111111 1001101000011000110011111 0000000000000000000000000 0000000000000000000000000 0000000000000000000000000 
0 0 1000101000000110010110001 0000000000000000000000000 1001101010001010011101111 0000000000000000000000000 0000000000000000000000000 0000000000000000000000000 
0 0 1000101000100100011111011 0000000000000000000000000 1001101010111101100011110 0000000000000000000000000 0000000000000000000000000 0000000000000000000000000 
0 0 0000000000000000000000000 0000000000000000000000000 1001101100000101111111000 0000000000000000000000000 0000000000000000000000000 0000000000000000000000000 
0 0 0000000000000000000000000 0000000000000000000000000 1001101101110000001111111 0000000000000000000000000 0000000000000000000000000 0000000000000000000000000 
0 1 0000000000000000000000000 0000000000000000000000000 0000000000000000000000000 0000000000000000000000000 0000000000000000000000000 0000000000000000000000000 
1 0 1000100101001001100100100 1000100110001011111000000 1001001000110001011100100 1001000111110101111000000 0000000000000000000000000 1011001001001110000100000 
1 0 1000100101001010000000110 1000100111100010100000000 1001001001010010101101010 0000000000000000000000000 0000000000000000000000000 1011001001001110101000000 
1 0 1000100101011011110001100 1000101001001111110001101 1001001001011100100111010 0000000000000000000000000 0000000000000000000000000 1011101000101001110000001 
1 0 1000100101100011101001100 1000101001110011001101110 1001001001101100000011010 0000000000000000000000000 0000000000000000000000000 1100001010101111111100000 
1 0 1000100100010110110010100 1000101000000001100001111 1001001001101100000011011 0000000000000000000000000 0000000000000000000000000 0000000000000000000000000 
1 0 1000100101101010100110110 1000101001110001100101111 1001001000100000001111100 0000000000000000000000000 0000000000000000000000000 0000000000000000000000000 
1 0 1000100111100001011100001 1000101001101110011110011 1001001010001100010101101 0000000000000000000000000 0000000000000000000000000 0000000000000000000000000 
1 0 1000100111100000100101011 1000101001110101101110101 1001101100101001101110101 0000000000000000000000000 0000000000000000000000000 0000000000000000000000000 
1 0 1000100110010000000011000 1000101001000111110010110 0000000000000000000000000 0000000000000000000000000 0000000000000000000000000 0000000000000000000000000 
1 0 1000101000011110111100111 1000101001101100101111000 0000000000000000000000000 0000000000000000000000000 0000000000000000000000000 0000000000000000000000000 
1 0 1000101000100111101101110 1000101010001110010001101 0000000000000000000000000 0000000000000000000000000 0000000000000000000000000 0000000000000000000000000 
1 0 1000101000010001000111001 1000101010100100110001111 0000000000000000000000000 0000000000000000000000000 0000000000000000000000000 0000000000000000000000000 
1 0 0000000000000000000000000 1000101011000011111111001 0000000000000000000000000 0000000000000000000000000 0000000000000000000000000 0000000000000000000000000 
1 0 0000000000000000000000000 1000101011000011111111001 0000000000000000000000000 0000000000000000000000000 0000000000000000000000000 0000000000000000000000000 
1 0 0000000000000000000000000 1000101010100100110111010 0000000000000000000000000 0000000000000000000000000 0000000000000000000000000 0000000000000000000000000 
1 0 0000000000000000000000000 1000101010100100110111110 0000000000000000000000000 0000000000000000000000000 0000000000000000000000000 0000000000000000000000000 
1 0 0000000000000000000000000 1001001000100010101001001 0000000000000000000000000 0000000000000000000000000 0000000000000000000000000 0000000000000000000000000 
1 0 0000000000000000000000000 1001001000001110010111110 0000000000000000000000000 0000000000000000000000000 0000000000000000000000000 0000000000000000000000000 
1 0 0000000000000000000000000 1001001011100101111010111 0000000000000000000000000 0000000000000000000000000 0000000000000000000000000 0000000000000000000000000 
1 1 0000000000000000000000000 0000000000000000000000000 0000000000000000000000000 0000000000000000000000000 0000000000000000000000000 0000000000000000000000000 
2 0 1000100100010111110101010 1000100110001000011100011 1001001000101000001110001 1001000111110001111100000 1010100111101111001100001 1010101001001110010100000 
2 0 1000100100101101100001010 1000100110001000110100100 1001001000001101000010111 1001101001010100010100000 1010101001011000010100001 1011101001000101100100000 
2 0 1000100101000110101010101 1000101010101110001100111 1001001010101010010100101 1001101001101001000100000 1010101001101011100000001 1011101001001000001000000 
2 0 1000100100011000110011011 1000101010111011011011010 1001001100100000101100001 1010000110110000111000001 1011000111110011111000001 1011101001011101100100000 
2 0 1000101001011110000001110 1001001001000011000100100 1001001101110000100111001 0000000000000000000000000 1011001000100010011000000 1011101001011111110100000 
2 0 1000101001011110000001110 1001001000001111101100101 1001101000011100011000001 0000000000000000000000000 1011001001000100011000000 1011101001100001000000000 
2 0 1000101000101100011110011 1001001000001111101100101 1001101001010001011100001 0000000000000000000000000 1011001001011010110000000 1011101010100110010100000 
2 0 1000101001011101110011001 1001001001100001111000110 1001101000100000110000010 0000000000000000000000000 1011001000111100010100001 1011101010100111100100000 
2 0 1000101001011101110011001 1001001000100101001010001 1001101000011110110000011 0000000000000000000000000 1011001001011110111100001 1011101010111010010100001 
2 0 0000000000000000000000000 1001001010010000110100101 1001101001010100001000011 0000000000000000000000000 1011001001011110111100001 0000000000000000000000000 
2 0 0000000000000000000000000 1001001010010000110100101 1001101001010110000000100 0000000000000000000000000 1011001001011111011000001 0000000000000000000000000 
2 0 0000000000000000000000000 1001001010010000100110011 1001101000111100101001010 0000000000000000000000000 0000000000000000000000000 0000000000000000000000000 
2 0 0000000000000000000000000 0000000000000000000000000 1001101000111100010101011 0000000000000000000000000 0000000000000000000000000 0000000000000000000000000 
2 0 0000000000000000000000000 0000000000000000000000000 1001101000111100101001011 0000000000000000000000000 0000000000000000000000000 0000000000000000000000000 
2 0 0000000000000000000000000 0000000000000000000000000 1001101011010110011100010 0000000000000000000000000 0000000000000000000000000 0000000000000000000000000 
2 0 0000000000000000000000000 0000000000000000000000000 1001101010101101110100111 0000000000000000000000000 0000000000000000000000000 0000000000000000000000000 
2 0 0000000000000000000000000 0000000000000000000000000 1001101010101101111101111 0000000000000000000000000 0000000000000000000000000 0000000000000000000000000 
2 0 0000000000000000000000000 0000000000000000000000000 1001101010111001101011010 0000000000000000000000000 0000000000000000000000000 0000000000000000000000000 
2 0 0000000000000000000000000 0000000000000000000000000 1001101010110000110011111 0000000000000000000000000 0000000000000000000000000 0000000000000000000000000 
2 0 0000000000000000000000000 0000000000000000000000000 1001101101010110111010100 0000000000000000000000000 0000000000000000000000000 0000000000000000000000000 
2 0 0000000000000000000000000 0000000000000000000000000 1001101101010111001111111 0000000000000000000000000 0000000000000000000000000 0000000000000000000000000 
2 1 0000000000000000000000000 0000000000000000000000000 0000000000000000000000000 0000000000000000000000000 0000000000000000000000000 0000000000000000000000000 
3 0 1000100100001000100100100 1000100110100000111110001 1001001000100011010000011 1001000111001110011000001 0000000000000000000000000 1010101000100111110100000 
3 0 1000100101010100011001100 1000100111110001110010110 1001001000000110110001010 1001100111110101011100001 0000000000000000000000000 1010101000011000110100001 
3 0 1000100101100111001001100 1000101001110110010001101 1001001010100011100111100 0000000000000000000000000 0000000000000000000000000 1010101000100001001100001 
3 0 1000100101010010010101110 1000101010011110010001001 1001101100101000001101001 0000000000000000000000000 0000000000000000000000000 1010101010101110110100001 
3 0 1000100100101100011010111 1000101011101110000010110 1001101100101001001011111 0000000000000000000000000 0000000000000000000000000 1011101000011100011100001 
3 0 1000100100010110010011101 1001001010011000111010110 0000000000000000000000000 0000000000000000000000000 0000000000000000000000000 1011101010000100010000000 
3 0 1000100111011000110001011 0000000000000000000000000 0000000000000000000000000 0000000000000000000000000 0000000000000000000000000 0000000000000000000000000 
3 0 1000100111100100110101111 0000000000000000000000000 0000000000000000000000000 0000000000000000000000000 0000000000000000000000000 0000000000000000000000000 
3 0 1000100110101000010010111 0000000000000000000000000 0000000000000000000000000 0000000000000000000000000 0000000000000000000000000 0000000000000000000000000 
3 0 1000100111010000100111010 0000000000000000000000000 0000000000000000000000000 0000000000000000000000000 0000000000000000000000000 0000000000000000000000000 
3 0 1000101000010100010000011 0000000000000000000000000 0000000000000000000000000 0000000000000000000000000 0000000000000000000000000 0000000000000000000000000 
3 0 1000101000010111100010110 0000000000000000000000000 0000000000000000000000000 0000000000000000000000000 0000000000000000000000000 0000000000000000000000000 
3 0 1000101000001011111010111 0000000000000000000000000 0000000000000000000000000 0000000000000000000000000 0000000000000000000000000 0000000000000000000000000 
3 1 0000000000000000000000000 0000000000000000000000000 0000000000000000000000000 0000000000000000000000000 0000000000000000000000000 0000000000000000000000000 
4 0 1000100100100000111011010 1000100110000000101000010 1001001010010110111111001 1001100111001100001100000 1010001001100110010100001 1100101000010011111100000 
4 0 1000100111101110110100000 1000100111101111011011001 1001101000001011100100111 1001100111110010001100000 0000000000000000000000000 1100101001001110001100001 
4 0 1000100111101001110010000 1000101001010011010101101 1001101010001110110100011 1010000110010001010100000 0000000000000000000000000 1100101001011100001100001 
4 0 1000100110101110010111100 1000101011101111010010010 1001101010001111001000100 1010000110010011011100000 0000000000000000000000000 1100101001011100001100001 
4 0 1000101001100110110110101 1001001001110000010110101 1001101011110100110101100 1010000110110101010100000 0000000000000000000000000 0000000000000000000000000 
4 0 1000101001100110110010111 1001001011100111000101011 1001101010001100000010000 1010000110110101010100000 0000000000000000000000000 0000000000000000000000000 
4 0 1000101001100110101111000 1001001010001001010110001 1001101010001100000010000 1010000110010011000100001 0000000000000000000000000 0000000000000000000000000 
4 0 0000000000000000000000000 1001001010010101100110011 0000000000000000000000000 1010001000011111110100000 0000000000000000000000000 0000000000000000000000000 
4 0 0000000000000000000000000 1001001011101001010111001 0000000000000000000000000 1010001000000110111000001 0000000000000000000000000 0000000000000000000000000 
4 1 0000000000000000000000000 0000000000000000000000000 0000000000000000000000000 0000000000000000000000000 0000000000000000000000000 0000000000000000000000000 
5 0 1000100100100001001110000 1000100111110000001100100 1001001001001101011110111 1001000110100011101000000 0000000000000000000000000 0000000000000000000000000 
5 0 1000100110101111100101000 1000101001110001111000101 1001001000111000110011111 1001100110010011101100001 0000000000000000000000000 0000000000000000000000000 
5 0 1000100110001110110010111 1000101001001101101001010 1001001011110001110011000 0000000000000000000000000 0000000000000000000000000 0000000000000000000000000 
5 0 1000100110110010111110111 1000101001001101101001010 1001001101101011011101111 0000000000000000000000000 0000000000000000000000000 0000000000000000000000000 
5 0 1000100111101000111111001 1000101001001000100010111 1001101100110111001001101 0000000000000000000000000 0000000000000000000000000 0000000000000000000000000 
5 0 1000100110101111111111101 1001000110010100110110100 0000000000000000000000000 0000000000000000000000000 0000000000000000000000000 0000000000000000000000000 
5 0 1000101001010111001001001 1001000111011001010110101 0000000000000000000000000 0000000000000000000000000 0000000000000000000000000 0000000000000000000000000 
5 0 1000101000100100001101100 1001001001100000101001001 0000000000000000000000000 0000000000000000000000000 0000000000000000000000000 0000000000000000000000000 
5 0 0000000000000000000000000 1001001010100001011001110 0000000000000000000000000 0000000000000000000000000 0000000000000000000000000 0000000000000000000000000 
5 0 0000000000000000000000000 1001001010110111011011010 0000000000000000000000000 0000000000000000000000000 0000000000000000000000000 0000000000000000000000000 
5 1 0000000000000000000000000 0000000000000000000000000 0000000000000000000000000 0000000000000000000000000 0000000000000000000000000 0000000000000000000000000 
6 0 1000100111010001010010001 1000101001010100010100011 1001001011001000100101000 1001000111001111111100000 1010100110110111011000000 0000000000000000000000000 
6 0 1000100110111001001110111 1000101001000100001101011 1001001011010101001010101 1001001001100010010100000 1010100110111000011100000 0000000000000000000000000 
6 0 1000101001110001001111111 1000101001011010101011011 1001001101000110101100001 1001100111100101111100000 1010100110111001100100000 0000000000000000000000000 
6 0 0000000000000000000000000 1001001000011101111001110 1001001100110011010000011 1001101000011000010100000 1010100110111110101000000 0000000000000000000000000 
6 0 0000000000000000000000000 1001001000001111011010100 1001001101001100001000011 1001101000100000000000000 1010100111000001000000000 0000000000000000000000000 
6 0 0000000000000000000000000 1001001010000111111111101 1001101010100110000100001 1001101001101110110100000 0000000000000000000000000 0000000000000000000000000 
6 0 0000000000000000000000000 0000000000000000000000000 0000000000000000000000000 1001101001100110100100001 0000000000000000000000000 0000000000000000000000000 
6 0 0000000000000000000000000 0000000000000000000000000 0000000000000000000000000 1010000110011000001000000 0000000000000000000000000 0000000000000000000000000 
6 1 0000000000000000000000000 0000000000000000000000000 0000000000000000000000000 0000000000000000000000000 0000000000000000000000000 0000000000000000000000000 
7 0 1000100100110001100110101 1000100110000101101100011 1001101100001010010000110 1010000110111101011000001 1001100111101011000100000 1100001010110101100100001 
7 0 1000100111001110000000100 1000100110010001010000011 0000000000000000000000000 1010000111011100111100001 0000000000000000000000000 1100101001110011011100001 
7 0 1000101001100110101100011 1000100110000010000000101 0000000000000000000000000 1010001000100101000100000 0000000000000000000000000 0000000000000000000000000 
7 0 1000101001010111111001100 1000100110001110000000110 0000000000000000000000000 0000000000000000000000000 0000000000000000000000000 0000000000000000000000000 
7 0 1000101001001110110101111 1000100110010011101001000 0000000000000000000000000 0000000000000000000000000 0000000000000000000000000 0000000000000000000000000 
7 0 1000101001001110111010000 1000100110010011100101111 0000000000000000000000000 0000000000000000000000000 0000000000000000000000000 0000000000000000000000000 
7 0 1000101000001001011110011 1000100110010011100010011 0000000000000000000000000 0000000000000000000000000 0000000000000000000000000 0000000000000000000000000 
7 0 0000000000000000000000000 1001000110010110001111000 0000000000000000000000000 0000000000000000000000000 0000000000000000000000000 0000000000000000000000000 
7 0 0000000000000000000000000 1001001001000110011111110 0000000000000000000000000 0000000000000000000000000 0000000000000000000000000 0000000000000000000000000 
7 1 0000000000000000000000000 0000000000000000000000000 0000000000000000000000000 0000000000000000000000000 0000000000000000000000000 0000000000000000000000000 
8 0 1000100110101101000100100 1000100111110001001100101 1001001010000011101110100 0000000000000000000000000 1001101001011010100000000 1011001000100111011100001 
8 0 1000100110101101000100100 1001001000000100111110111 1001001101010110011110101 0000000000000000000000000 1001101001001100101000001 0000000000000000000000000 
8 0 1000100110010010100000110 1001001000000100111111000 1001101101000100110011000 0000000000000000000000000 1010100111011110100100001 0000000000000000000000000 
8 0 1000100110110101100101001 0000000000000000000000000 0000000000000000000000000 0000000000000000000000000 1010101001100110110000000 0000000000000000000000000 
8 0 1000101000001100110001000 0000000000000000000000000 0000000000000000000000000 0000000000000000000000000 0000000000000000000000000 0000000000000000000000000 
8 0 1000101000001100110001001 0000000000000000000000000 0000000000000000000000000 0000000000000000000000000 0000000000000000000000000 0000000000000000000000000 
8 1 0000000000000000000000000 0000000000000000000000000 0000000000000000000000000 0000000000000000000000000 0000000000000000000000000 0000000000000000000000000 
9 0 1000100101101001000101101 1000100110111011010011010 1001001001110010111101011 1001000110101100110100000 1001100110111000000100001 1010101011110011111100000 
9 0 1000100100101011001101110 1000101000100000000101001 1001001101101000101001010 1001101000101000101100000 0000000000000000000000000 1011101000010101111100000 
9 0 1000100111000111010000010 1000101000110111011010111 1001101001100001110100001 1001101000111000110000001 0000000000000000000000000 1100001010011001110000001 
9 0 1000100110111010100111110 1000101011010001101100000 1001101001100000000000100 1010000110001001001100000 0000000000000000000000000 1100101000111001100000000 
9 0 1000101001011111010110000 1000101010111110010000100 1001101001110011100101011 0000000000000000000000000 0000000000000000000000000 1100101000111011011100000 
9 0 1000101001001010010111001 1001001000010011000011001 1001101001011001000111000 0000000000000000000000000 0000000000000000000000000 1100101000111111010100001 
9 0 0000000000000000000000000 0000000000000000000000000 1001101010011000101000001 0000000000000000000000000 0000000000000000000000000 0000000000000000000000000 
9 0 0000000000000000000000000 0000000000000000000000000 1001101100011000011111110 0000000000000000000000000 0000000000000000000000000 0000000000000000000000000 
9 0 0000000000000000000000000 0000000000000000000000000 1001101100011000011011111 0000000000000000000000000 0000000000000000000000000 0000000000000000000000000 
9 1 0000000000000000000000000 0000000000000000000000000 0000000000000000000000000 0000000000000000000000000 0000000000000000000000000 0000000000000000000000000 
10 0 1000100111101000101100000 1000100111100100110100110 1001001000000101010010010 1001000110100001011000000 1001101000001111111100001 1100001001010001011100001 
10 0 1000100110001111100100001 1000101011000101111000110 1001001011100010100111011 1001000111001000010100001 1010100111100011011000001 0000000000000000000000000 
10 0 1000100110001111100100001 1001001001110001000001100 1001001011100010101011100 1001001001010000101000001 0000000000000000000000000 0000000000000000000000000 
10 0 1000100111101001000100101 0000000000000000000000000 1001101001000100100101111 1010000110100000011100000 0000000000000000000000000 0000000000000000000000000 
10 0 1000100110100000101101011 0000000000000000000000000 1001101011000001111001000 1010000110100100101000000 0000000000000000000000000 0000000000000000000000000 
10 0 1000100111101010100010011 0000000000000000000000000 1001101100000011110101110 1010000110100110001000000 0000000000000000000000000 0000000000000000000000000 
10 0 1000100111001111010111110 0000000000000000000000000 1001101100111100110110111 1010000110101000011100000 0000000000000000000000000 0000000000000000000000000 
10 0 1000101001110001011101101 0000000000000000000000000 0000000000000000000000000 1010000110101000011100000 0000000000000000000000000 0000000000000000000000000 
10 0 1000101000111101001001110 0000000000000000000000000 0000000000000000000000000 1010001000010101111100000 0000000000000000000000000 0000000000000000000000000 
10 0 1000101000110101001110001 0000000000000000000000000 0000000000000000000000000 1010001000010101111000001 0000000000000000000000000 0000000000000000000000000 
10 0 1000101000001100001010101 0000000000000000000000000 0000000000000000000000000 0000000000000000000000000 0000000000000000000000000 0000000000000000000000000 
10 1 0000000000000000000000000 0000000000000000000000000 0000000000000000000000000 0000000000000000000000000 0000000000000000000000000 0000000000000000000000000 
11 0 1000100100010110011100011 1000100111001001100011000 1001001001010001111011110 1010001001000110011100000 1010000111001001111000000 1011001011011110111100001 
11 0 1000100100010110101100101 1000101000001011000001000 1001001011001111111101011 1010001001001110111100000 1010001001001101100000000 1011101000101111000000001 
11 0 1000100101001001001000111 1000101010101010111000110 1001001101000100000001010 1010001000000010110000001 1010001001001110110000000 1011101011100111111100000 
11 0 1000100101001001000001000 1000101010010001100110111 1001001100101101000010000 0000000000000000000000000 1010001001001110110000000 0000000000000000000000000 
11 0 1000100101110000100101100 1001000110100001010000110 1001001100010010010011010 0000000000000000000000000 1010001001001111001000000 0000000000000000000000000 
11 0 1000100100011111011110010 1001001000001111101001010 0000000000000000000000000 0000000000000000000000000 1010001001011111111100000 0000000000000000000000000 
11 0 1000100100010100100010011 0000000000000000000000000 0000000000000000000000000 0000000000000000000000000 1010001001100010011100000 0000000000000000000000000 
11 0 1000100110111101011000110 0000000000000000000000000 0000000000000000000000000 0000000000000000000000000 1010001001100010011100000 0000000000000000000000000 
11 0 1000101001000111001110100 0000000000000000000000000 0000000000000000000000000 0000000000000000000000000 1010001001100010111100000 0000000000000000000000000 
11 0 1000101000110000110111001 0000000000000000000000000 0000000000000000000000000 0000000000000000000000000 1010001001000111101100001 0000000000000000000000000 
11 0 1000101000000110101111100 0000000000000000000000000 0000000000000000000000000 0000000000000000000000000 1010001001001001001000001 0000000000000000000000000 
11 0 0000000000000000000000000 0000000000000000000000000 0000000000000000000000000 0000000000000000000000000 1010001001100110000100001 0000000000000000000000000 
11 0 0000000000000000000000000 0000000000000000000000000 0000000000000000000000000 0000000000000000000000000 1010101000011110011100000 0000000000000000000000000 
11 0 0000000000000000000000000 0000000000000000000000000 0000000000000000000000000 0000000000000000000000000 1010101001001010111100000 0000000000000000000000000 
11 1 0000000000000000000000000 0000000000000000000000000 0000000000000000000000000 0000000000000000000000000 0000000000000000000000000 0000000000000000000000000 
12 0 1000100100110111101101101 1000100111010000001101011 1001001001000111011101111 1001000110001011101000000 1010000111111001011100000 1011001010100011100000001 
12 0 1000100110011001101010110 1000100111001111110001111 1001001101010101000110001 0000000000000000000000000 1010001000011100111100000 0000000000000000000000000 
12 0 1000100110011001011111000 1000100111001111101110010 1001001101101000101011001 0000000000000000000000000 1010001000000111011000001 0000000000000000000000000 
12 0 1000101001100011111010111 1000100111000011011110101 1001101000001001000111001 0000000000000000000000000 1010101000011100000100000 0000000000000000000000000 
12 0 0000000000000000000000000 1000100111000110011010111 0000000000000000000000000 0000000000000000000000000 0000000000000000000000000 0000000000000000000000000 
12 0 0000000000000000000000000 1000100111001111111011000 0000000000000000000000000 0000000000000000000000000 0000000000000000000000000 0000000000000000000000000 
12 0 0000000000000000000000000 1000100111001111111011000 0000000000000000000000000 0000000000000000000000000 0000000000000000000000000 0000000000000000000000000 
12 0 0000000000000000000000000 1000100110110011100011111 0000000000000000000000000 0000000000000000000000000 0000000000000000000000000 0000000000000000000000000 
12 0 0000000000000000000000000 1000101010111111001001000 0000000000000000000000000 0000000000000000000000000 0000000000000000000000000 0000000000000000000000000 
12 0 0000000000000000000000000 1000101010011101001111110 0000000000000000000000000 0000000000000000000000000 0000000000000000000000000 0000000000000000000000000 
12 0 0000000000000000000000000 1001001000101000001001001 0000000000000000000000000 0000000000000000000000000 0000000000000000000000000 0000000000000000000000000 
12 0 0000000000000000000000000 1001001000110010011101011 0000000000000000000000000 0000000000000000000000000 0000000000000000000000000 0000000000000000000000000 
12 0 0000000000000000000000000 1001001000110011000010000 0000000000000000000000000 0000000000000000000000000 0000000000000000000000000 0000000000000000000000000 
12 1 0000000000000000000000000 0000000000000000000000000 0000000000000000000000000 0000000000000000000000000 0000000000000000000000000 0000000000000000000000000 
13 0 1000100100110111000100111 1001000110000101011101011 1001101000101011010110001 1001100110011101100000001 1001100110010010011000000 0000000000000000000000000 
13 0 1000100101011110011001101 1001000111010101001110101 1001101101101000010110100 0000000000000000000000000 1001100111001110100100000 0000000000000000000000000 
13 0 1000100110010101110100110 1001000110010111001111001 1001101100100100011111000 0000000000000000000000000 1001100111100001100000000 0000000000000000000000000 
13 0 1000100111101000111001011 1001000111000111011111010 1001101101101000011011011 0000000000000000000000000 1001100110010000011100001 0000000000000000000000000 
13 0 1000100111000011111111100 1001001010111010011111001 0000000000000000000000000 0000000000000000000000000 1001100111010010001000001 0000000000000000000000000 
13 0 1000101000110000111101011 1001001010000110010111100 0000000000000000000000000 0000000000000000000000000 1001100111010011110000001 0000000000000000000000000 
13 0 1000101000110111101010000 0000000000000000000000000 0000000000000000000000000 0000000000000000000000000 1001100111011011010100001 0000000000000000000000000 
13 0 0000000000000000000000000 0000000000000000000000000 0000000000000000000000000 0000000000000000000000000 1001100111011100000100001 0000000000000000000000000 
13 0 0000000000000000000000000 0000000000000000000000000 0000000000000000000000000 0000000000000000000000000 1010101000001001011100001 0000000000000000000000000 
13 0 0000000000000000000000000 0000000000000000000000000 0000000000000000000000000 0000000000000000000000000 1011001000101010011000000 0000000000000000000000000 
13 0 0000000000000000000000000 0000000000000000000000000 0000000000000000000000000 0000000000000000000000000 1011001000101011010000000 0000000000000000000000000 
13 0 0000000000000000000000000 0000000000000000000000000 0000000000000000000000000 0000000000000000000000000 1011001000101011010000001 0000000000000000000000000 
13 1 0000000000000000000000000 0000000000000000000000000 0000000000000000000000000 0000000000000000000000000 0000000000000000000000000 0000000000000000000000000 
14 0 1000100100011000100110011 1000101001011100100110111 1001001000010010100100011 1001001000011110101100001 0000000000000000000000000 0000000000000000000000000 
14 0 1000100110011110011110010 1001000111011010110000011 1001001001011010110000011 1001100111111010011100000 0000000000000000000000000 0000000000000000000000000 
14 0 1000101000000101110000110 1001000111010100100101100 1001001000001111000110011 1001100111111000011100001 0000000000000000000000000 0000000000000000000000000 
14 0 1000101001000011011011010 1001001000111101100010001 1001001011101011101010010 1010000110001001001000001 0000000000000000000000000 0000000000000000000000000 
14 0 1000101000001111111011011 0000000000000000000000000 1001001011100111010110100 0000000000000000000000000 0000000000000000000000000 0000000000000000000000000 
14 0 1000101000101001111111100 0000000000000000000000000 1001001010011100101110101 0000000000000000000000000 0000000000000000000000000 0000000000000000000000000 
14 0 1000101000100100011011111 0000000000000000000000000 1001001010011010010010110 0000000000000000000000000 0000000000000000000000000 0000000000000000000000000 
14 0 0000000000000000000000000 0000000000000000000000000 1001001010100010010010110 0000000000000000000000000 0000000000000000000000000 0000000000000000000000000 
14 0 0000000000000000000000000 0000000000000000000000000 1001001011100100011110110 0000000000000000000000000 0000000000000000000000000 0000000000000000000000000 
14 0 0000000000000000000000000 0000000000000000000000000 1001001010011110110110111 0000000000000000000000000 0000000000000000000000000 0000000000000000000000000 
14 0 0000000000000000000000000 0000000000000000000000000 1001001010001011010111001 0000000000000000000000000 0000000000000000000000000 0000000000000000000000000 
14 0 0000000000000000000000000 0000000000000000000000000 1001001100001000110110000 0000000000000000000000000 0000000000000000000000000 0000000000000000000000000 
14 0 0000000000000000000000000 0000000000000000000000000 1001101010100000110010100 0000000000000000000000000 0000000000000000000000000 0000000000000000000000000 
14 0 0000000000000000000000000 0000000000000000000000000 1001101100010000101101111 0000000000000000000000000 0000000000000000000000000 0000000000000000000000000 
14 0 0000000000000000000000000 0000000000000000000000000 1001101100010000100111111 0000000000000000000000000 0000000000000000000000000 0000000000000000000000000 
14 1 0000000000000000000000000 0000000000000000000000000 0000000000000000000000000 0000000000000000000000000 0000000000000000000000000 0000000000000000000000000 
15 0 1000100101100111100001010 1000100111011010000110110 1001001000110101011100110 1001000111001001000000001 1001100111001110010100000 1010001000010000100100001 
15 0 1000100100010101000110010 1000100110100110001111111 1001001000101110000001011 1001000111010111000100001 1001101000110010001000000 1010001001001110010100001 
15 0 1000100101010001100111010 1000101001001100101100010 1001001000110011100010110 0000000000000000000000000 1001101001110010011100000 1010101000110011001100000 
15 0 1000100100111100001111101 1000101000111000001101001 1001001010000101111000101 0000000000000000000000000 1001101001000110011000001 1010101000110100100000000 
15 0 1000100110100110000100101 1000101011011011011000001 1001001011100110101110101 0000000000000000000000000 0000000000000000000000000 1010101000111001100000000 
15 0 1000100110101011111001010 1000101011100010111100111 1001101000100001011101111 0000000000000000000000000 0000000000000000000000000 1010101000111100101100000 
15 0 1000100110010111101011000 1000101010110101100001101 1001101010000111010111110 0000000000000000000000000 0000000000000000000000000 1010101001000000010100000 
15 0 1000101000100110100100100 1000101010110111010110101 1001101100011110110000001 0000000000000000000000000 0000000000000000000000000 1010101001010111000100000 
15 0 1000101000100111101010101 1001001001000100110100100 0000000000000000000000000 0000000000000000000000000 0000000000000000000000000 1010101001011001100100000 
15 0 1000101001010110011110110 1001001001000100111000101 0000000000000000000000000 0000000000000000000000000 0000000000000000000000000 1010101001011100100000000 
15 0 1000101001011101001011100 0000000000000000000000000 0000000000000000000000000 0000000000000000000000000 0000000000000000000000000 1010101001101100111100000 
15 0 0000000000000000000000000 0000000000000000000000000 0000000000000000000000000 0000000000000000000000000 0000000000000000000000000 1010101001110001101000000 
15 0 0000000000000000000000000 0000000000000000000000000 0000000000000000000000000 0000000000000000000000000 0000000000000000000000000 1010101000110001101100001 
15 0 0000000000000000000000000 0000000000000000000000000 0000000000000000000000000 0000000000000000000000000 0000000000000000000000000 1010101001000001100000001 
15 0 0000000000000000000000000 0000000000000000000000000 0000000000000000000000000 0000000000000000000000000 0000000000000000000000000 1010101001010100111000001 
15 0 0000000000000000000000000 0000000000000000000000000 0000000000000000000000000 0000000000000000000000000 0000000000000000000000000 1010101001010101011000001 
15 0 0000000000000000000000000 0000000000000000000000000 0000000000000000000000000 0000000000000000000000000 0000000000000000000000000 1010101010011011010100000 
15 0 0000000000000000000000000 0000000000000000000000000 0000000000000000000000000 0000000000000000000000000 0000000000000000000000000 1011001000011100110100000 
15 1 0000000000000000000000000 0000000000000000000000000 0000000000000000000000000 0000000000000000000000000 0000000000000000000000000 0000000000000000000000000 
16 0 1000100101101000110011000 1000101010111101000101011 1001001010110000100110010 1001100110101010110100000 1011000110011011101000000 1011001000111101111100000 
16 0 1000100111001011111100000 1001001001001010000100010 1001001101010101110100100 1001101000101010100100000 0000000000000000000000000 1011001001011001100000000 
16 0 1000100111011111100100011 1001001011001010100100100 1001001101001011110100101 1001101000101000100000001 0000000000000000000000000 1011001001000010000100001 
16 0 1000100111001100001001110 0000000000000000000000000 1001101000101001011011000 1010000111111001010100000 0000000000000000000000000 1011001001001000011100001 
16 0 1000100110010111000111110 0000000000000000000000000 1001101101110001010100001 1010000111111001111000000 0000000000000000000000000 1011001001001110001000001 
16 0 1000101000101011111000011 0000000000000000000000000 0000000000000000000000000 0000000000000000000000000 0000000000000000000000000 1011001001010001101100001 
16 0 1000101001001000111100101 0000000000000000000000000 0000000000000000000000000 0000000000000000000000000 0000000000000000000000000 1011001001010010101100001 
16 0 1000101000011101000101101 0000000000000000000000000 0000000000000000000000000 0000000000000000000000000 0000000000000000000000000 1011001001010100101000001 
16 0 1000101000001010101110001 0000000000000000000000000 0000000000000000000000000 0000000000000000000000000 0000000000000000000000000 1011001001010100101000001 
16 0 0000000000000000000000000 0000000000000000000000000 0000000000000000000000000 0000000000000000000000000 0000000000000000000000000 1011101000001001010000000 
16 0 0000000000000000000000000 0000000000000000000000000 0000000000000000000000000 0000000000000000000000000 0000000000000000000000000 1011101001100100001100000 
16 0 0000000000000000000000000 0000000000000000000000000 0000000000000000000000000 0000000000000000000000000 0000000000000000000000000 1011101001101101111100001 
16 1 0000000000000000000000000 0000000000000000000000000 0000000000000000000000000 0000000000000000000000000 0000000000000000000000000 0000000000000000000000000 
17 0 1000100100010011000001010 1000100111010111010100000 1001001011101001100101011 1001001000011010100100000 0000000000000000000000000 1011001001101100111100000 
17 0 1000100101010010000101011 1000100111100101110100111 1001001100101101000101100 1001001001001101101100000 0000000000000000000000000 0000000000000000000000000 
17 0 1000100100111100111101101 1000100110100010110101010 1001101010011011000110001 1010001001011101011000001 0000000000000000000000000 0000000000000000000000000 
17 0 1000100100001011110001111 1000100111010110011111000 0000000000000000000000000 0000000000000000000000000 0000000000000000000000000 0000000000000000000000000 
17 0 1000100101100110001011010 1000101001001010111101000 0000000000000000000000000 0000000000000000000000000 0000000000000000000000000 0000000000000000000000000 
17 0 1000100101100100010111011 1000101001011111101101100 0000000000000000000000000 0000000000000000000000000 0000000000000000000000000 0000000000000000000000000 
17 0 1000100100100011110111110 1000101001011111111011011 0000000000000000000000000 0000000000000000000000000 0000000000000000000000000 0000000000000000000000000 
17 0 1000100110111001110101011 1000101000101100101111100 0000000000000000000000000 0000000000000000000000000 0000000000000000000000000 0000000000000000000000000 
17 0 1000100110100100001001110 1000101011101010001100100 0000000000000000000000000 0000000000000000000000000 0000000000000000000000000 0000000000000000000000000 
17 0 1000100111000111000010001 1000101011100001110110001 0000000000000000000000000 0000000000000000000000000 0000000000000000000000000 0000000000000000000000000 
17 0 1000100110101001100111111 1001001000110111100010101 0000000000000000000000000 0000000000000000000000000 0000000000000000000000000 0000000000000000000000000 
17 0 1000101001100011010000111 1001001001001111011111001 0000000000000000000000000 0000000000000000000000000 0000000000000000000000000 0000000000000000000000000 
17 0 1000101000010000111110111 1001001000110110110111011 0000000000000000000000000 0000000000000000000000000 0000000000000000000000000 0000000000000000000000000 
17 0 0000000000000000000000000 1001001000111001011111110 0000000000000000000000000 0000000000000000000000000 0000000000000000000000000 0000000000000000000000000 
17 0 0000000000000000000000000 1001001011011110100111010 0000000000000000000000000 0000000000000000000000000 0000000000000000000000000 0000000000000000000000000 
17 0 0000000000000000000000000 1001001011100010001011111 0000000000000000000000000 0000000000000000000000000 0000000000000000000000000 0000000000000000000000000 
17 1 0000000000000000000000000 0000000000000000000000000 0000000000000000000000000 0000000000000000000000000 0000000000000000000000000 0000000000000000000000000 
18 0 1000100100000101111000110 1000100111001111100010000 1001001010111110100101111 1001000111000111011100000 1010101000001100110000000 1011101010011010100100000 
18 0 1000100101000110111010011 1000101001010110011100010 1001001100101100000100001 1001100111000010001000001 0000000000000000000000000 1100001000010001101000000 
18 0 1000100101000010101111010 1000101001010111011100011 1001101011001001000101010 1001100111100110000100001 0000000000000000000000000 1100001000110100011100001 
18 0 1000100101000010101011011 1000101001011000010100101 1001101010010101010010101 1010000110110111011100001 0000000000000000000000000 0000000000000000000000000 
18 0 1000101001010101000100110 1000101001011000010100101 1001101101011100100101000 0000000000000000000000000 0000000000000000000000000 0000000000000000000000000 
18 0 1000101001000001100001100 1000101000101100101100110 1001101101001011100001110 0000000000000000000000000 0000000000000000000000000 0000000000000000000000000 
18 0 0000000000000000000000000 1000101001101000010101000 1001101101011111010011101 0000000000000000000000000 0000000000000000000000000 0000000000000000000000000 
18 0 0000000000000000000000000 1000101001101001101101101 0000000000000000000000000 0000000000000000000000000 0000000000000000000000000 0000000000000000000000000 
18 0 0000000000000000000000000 1000101001010011110001111 0000000000000000000000000 0000000000000000000000000 0000000000000000000000000 0000000000000000000000000 
18 0 0000000000000000000000000 1000101000000000101010010 0000000000000000000000000 0000000000000000000000000 0000000000000000000000000 0000000000000000000000000 
18 0 0000000000000000000000000 1000101001000011000111001 0000000000000000000000000 0000000000000000000000000 0000000000000000000000000 0000000000000000000000000 
18 0 0000000000000000000000000 1000101001010001010111110 0000000000000000000000000 0000000000000000000000000 0000000000000000000000000 0000000000000000000000000 
18 0 0000000000000000000000000 1000101011010110011111110 0000000000000000000000000 0000000000000000000000000 0000000000000000000000000 0000000000000000000000000 
18 0 0000000000000000000000000 1000101011010110011111110 0000000000000000000000000 0000000000000000000000000 0000000000000000000000000 0000000000000000000000000 
18 0 0000000000000000000000000 1000101011010110011111111 0000000000000000000000000 0000000000000000000000000 0000000000000000000000000 0000000000000000000000000 
18 0 0000000000000000000000000 1000101011010110011111111 0000000000000000000000000 0000000000000000000000000 0000000000000000000000000 0000000000000000000000000 
18 0 0000000000000000000000000 1001000111010100000101010 0000000000000000000000000 0000000000000000000000000 0000000000000000000000000 0000000000000000000000000 
18 0 0000000000000000000000000 1001000111101011010010010 0000000000000000000000000 0000000000000000000000000 0000000000000000000000000 0000000000000000000000000 
18 0 0000000000000000000000000 1001000111101011010010010 0000000000000000000000000 0000000000000000000000000 0000000000000000000000000 0000000000000000000000000 
18 0 0000000000000000000000000 1001001000010111110101001 0000000000000000000000000 0000000000000000000000000 0000000000000000000000000 0000000000000000000000000 
18 0 0000000000000000000000000 1001001001110100001010011 0000000000000000000000000 0000000000000000000000000 0000000000000000000000000 0000000000000000000000000 
18 0 0000000000000000000000000 1001001001100010101111011 0000000000000000000000000 0000000000000000000000000 0000000000000000000000000 0000000000000000000000000 
18 0 0000000000000000000000000 1001001010101010011010000 0000000000000000000000000 0000000000000000000000000 0000000000000000000000000 0000000000000000000000000 
18 0 0000000000000000000000000 1001001011110001101110100 0000000000000000000000000 0000000000000000000000000 0000000000000000000000000 0000000000000000000000000 
18 0 0000000000000000000000000 1001001010010101111110101 0000000000000000000000000 0000000000000000000000000 0000000000000000000000000 0000000000000000000000000 
18 1 0000000000000000000000000 0000000000000000000000000 0000000000000000000000000 0000000000000000000000000 0000000000000000000000000 0000000000000000000000000 
19 0 1000100101110001001101010 1000100110010111110100000 1001101011001100001110101 1010000110111101001100000 0000000000000000000000000 1100001011110110100100001 
19 0 1000100101010110011010000 1000100111011101000001000 0000000000000000000000000 1010000111011011110100001 0000000000000000000000000 0000000000000000000000000 
19 0 1000100101100101001111010 1000100111010110000101100 0000000000000000000000000 1010001001100101011000000 0000000000000000000000000 0000000000000000000000000 
19 0 1000100100100001110011101 1000100111110110011110001 0000000000000000000000000 1010001001100011111000001 0000000000000000000000000 0000000000000000000000000 
19 0 1000100110101010000110001 1000100110000001111110010 0000000000000000000000000 0000000000000000000000000 0000000000000000000000000 0000000000000000000000000 
19 0 1000100110101110100110001 1000100110010100001111110 0000000000000000000000000 0000000000000000000000000 0000000000000000000000000 0000000000000000000000000 
19 0 1000101001001111001100011 1000100110010100001111110 0000000000000000000000000 0000000000000000000000000 0000000000000000000000000 0000000000000000000000000 
19 0 1000101001101101011100110 1000101000011001111000010 0000000000000000000000000 0000000000000000000000000 0000000000000000000000000 0000000000000000000000000 
19 0 1000101001000111101010111 1000101011001111100010011 0000000000000000000000000 0000000000000000000000000 0000000000000000000000000 0000000000000000000000000 
19 0 1000101001100011101011001 1000101010011010010111110 0000000000000000000000000 0000000000000000000000000 0000000000000000000000000 0000000000000000000000000 
19 0 1000101000100000010011110 1001000110000111010010100 0000000000000000000000000 0000000000000000000000000 0000000000000000000000000 0000000000000000000000000 
19 0 0000000000000000000000000 1001001011110000100001001 0000000000000000000000000 0000000000000000000000000 0000000000000000000000000 0000000000000000000000000 
19 1 0000000000000000000000000 0000000000000000000000000 0000000000000000000000000 0000000000000000000000000 0000000000000000000000000 0000000000000000000000000 
20 0 1000100100011110101010101 1000101000111010000100101 1001001101101000011101110 1001001000010010011100000 0000000000000000000000000 1100001010010110100100000 
20 0 1000100111101101011000000 1000101000111011111110100 1001101000101001011100000 1001001000100010000000000 0000000000000000000000000 1100001010100011100100000 
20 0 1000101000001011101000101 1000101011010100010011000 1001101010001101110111011 1001001000110000101000000 0000000000000000000000000 0000000000000000000000000 
20 0 1000101001011010100111010 1001001010011001011001101 1001101101010110000110000 1001101000001100001100000 0000000000000000000000000 0000000000000000000000000 
20 0 0000000000000000000000000 0000000000000000000000000 1001101101010100000010010 1001101000010010110100000 0000000000000000000000000 0000000000000000000000000 
20 0 0000000000000000000000000 0000000000000000000000000 0000000000000000000000000 1001101000010011010100000 0000000000000000000000000 0000000000000000000000000 
20 0 0000000000000000000000000 0000000000000000000000000 0000000000000000000000000 1001101000010111101100001 0000000000000000000000000 0000000000000000000000000 
20 0 0000000000000000000000000 0000000000000000000000000 0000000000000000000000000 1010001000111000010000000 0000000000000000000000000 0000000000000000000000000 
20 0 0000000000000000000000000 0000000000000000000000000 0000000000000000000000000 1010001000111110001100000 0000000000000000000000000 0000000000000000000000000 
20 0 0000000000000000000000000 0000000000000000000000000 0000000000000000000000000 1010001001100111011100000 0000000000000000000000000 0000000000000000000000000 
20 0 0000000000000000000000000 0000000000000000000000000 0000000000000000000000000 1010001000100111001000001 0000000000000000000000000 0000000000000000000000000 
20 1 0000000000000000000000000 0000000000000000000000000 0000000000000000000000000 0000000000000000000000000 0000000000000000000000000 0000000000000000000000000 
21 0 1000100100111010110011011 1000100110100010000101111 1001001011010001111001111 0000000000000000000000000 0000000000000000000000000 1010101010110001000000001 
21 0 1000100111001000110101010 1000101001000010100111001 1001001011101111001011100 0000000000000000000000000 0000000000000000000000000 1100001010000010101100000 
21 0 1000100111000111111001011 1000101001011101101111101 1001101100010000110101011 0000000000000000000000000 0000000000000000000000000 1100001010000100100100001 
21 0 1000101001101101110110100 1000101011100110011001001 0000000000000000000000000 0000000000000000000000000 0000000000000000000000000 1100001010010101101000001 
21 0 1000101001100000110010110 1001000110110110101100100 0000000000000000000000000 0000000000000000000000000 0000000000000000000000000 0000000000000000000000000 
21 0 1000101001100001000010111 1001000110110110101100100 0000000000000000000000000 0000000000000000000000000 0000000000000000000000000 0000000000000000000000000 
21 1 0000000000000000000000000 0000000000000000000000000 0000000000000000000000000 0000000000000000000000000 0000000000000000000000000 0000000000000000000000000 
22 0 1000100101010110011001100 1001000111000101001111010 1001101011010111000100111 1001001000001010001100000 1010100110100000100000000 0000000000000000000000000 
22 0 1000100100000110100101110 1001000110010011011011101 0000000000000000000000000 1001001001010001111000000 0000000000000000000000000 0000000000000000000000000 
22 0 1000101001100001011001100 0000000000000000000000000 0000000000000000000000000 1001001001101110101000000 0000000000000000000000000 0000000000000000000000000 
22 0 1000101001011111010101110 0000000000000000000000000 0000000000000000000000000 1001001001101110101000000 0000000000000000000000000 0000000000000000000000000 
22 0 1000101001011111010101110 0000000000000000000000000 0000000000000000000000000 1001100111011000111100000 0000000000000000000000000 0000000000000000000000000 
22 0 1000101000110100111110101 0000000000000000000000000 0000000000000000000000000 1010001001101100000100000 0000000000000000000000000 0000000000000000000000000 
22 0 1000101000101100110011100 0000000000000000000000000 0000000000000000000000000 0000000000000000000000000 0000000000000000000000000 0000000000000000000000000 
22 1 0000000000000000000000000 0000000000000000000000000 0000000000000000000000000 0000000000000000000000000 0000000000000000000000000 0000000000000000000000000 
23 0 1000100101001011100000101 1000100110111111110001111 1001001011001100110100010 1001001001001000100100001 1010000111101000101100000 1010001000010000111100000 
23 0 1000100101001011100000101 1000100110100000001010110 1001001011010010011000110 0000000000000000000000000 0000000000000000000000000 1010001000010101001000001 
23 0 1000100101001011100000101 1000101001101111100100111 1001001100010100011110101 0000000000000000000000000 0000000000000000000000000 1010001000011100101100001 
23 0 1000100101010100110100111 1000101000100011100011000 1001001100011100100010110 0000000000000000000000000 0000000000000000000000000 1010001010001001000100000 
23 0 1000100101011100110000111 1000101011101001011110011 1001101010111000100011011 0000000000000000000000000 0000000000000000000000000 1010001010001101000100001 
23 0 1000100100010001001101100 1000101010000000100010111 0000000000000000000000000 0000000000000000000000000 0000000000000000000000000 1011001001101010110000000 
23 0 1000100101010100101001111 1001000110011100111111000 0000000000000000000000000 0000000000000000000000000 0000000000000000000000000 1011001001100101110100001 
23 0 1000100101000110110010000 1001001000101010100001000 0000000000000000000000000 0000000000000000000000000 0000000000000000000000000 1011001011101011110000001 
23 0 1000100100111100010110110 1001001000100101100101010 0000000000000000000000000 0000000000000000000000000 0000000000000000000000000 1011001011101110001000001 
23 0 1000100111010100111010100 0000000000000000000000000 0000000000000000000000000 0000000000000000000000000 0000000000000000000000000 1011101001111000000100001 
23 0 1000100111101010101010111 0000000000000000000000000 0000000000000000000000000 0000000000000000000000000 0000000000000000000000000 1011101010100101110100000 
23 0 1000101001000011010010000 0000000000000000000000000 0000000000000000000000000 0000000000000000000000000 0000000000000000000000000 0000000000000000000000000 
23 1 0000000000000000000000000 0000000000000000000000000 0000000000000000000000000 0000000000000000000000000 0000000000000000000000000 0000000000000000000000000 
24 0 1000100111010011100001011 1000100110000000101111101 1001001010100101001001101 1001100110111100011100000 1010001000000100110000000 1011101010101011011000001 
24 0 1000100111100111010110100 1000101000011101000101101 1001101011100100011100100 1001100111010001011000000 1010101001000010110100001 1100001010110100010000001 
24 0 1000101000001110011100110 1000101011011101100010001 0000000000000000000000000 1001100111001110011100001 0000000000000000000000000 0000000000000000000000000 
24 0 1000101001001011000101011 1001000111110010010111110 0000000000000000000000000 1001100111100011011000001 0000000000000000000000000 0000000000000000000000000 
24 0 1000101000000111011011001 1001001000000100110001110 0000000000000000000000000 1001101000011001011100001 0000000000000000000000000 0000000000000000000000000 
24 0 1000101000000111011011010 1001001000010100111011100 0000000000000000000000000 1010001001110101101000000 0000000000000000000000000 0000000000000000000000000 
24 0 1000101000000111010111100 1001001011011000011001110 0000000000000000000000000 0000000000000000000000000 0000000000000000000000000 0000000000000000000000000 
24 0 0000000000000000000000000 1001001010010111101010111 0000000000000000000000000 0000000000000000000000000 0000000000000000000000000 0000000000000000000000000 
24 1 0000000000000000000000000 0000000000000000000000000 0000000000000000000000000 0000000000000000000000000 0000000000000000000000000 0000000000000000000000000 
25 0 1000100100001110110000011 1000100110111111000000010 1001001010101000001111010 1001001001111101111100001 0000000000000000000000000 1010101001100000011100001 
25 0 1000100100110101110000110 1000100110010010111100111 1001001101001010000101111 0000000000000000000000000 0000000000000000000000000 1010101010111101111000001 
25 0 1000100100111111011110111 1000100110100011100101101 1001101100100110111010011 0000000000000000000000000 0000000000000000000000000 1011101001010011000100001 
25 0 1000100100001001110111100 1000100110100010110110111 0000000000000000000000000 0000000000000000000000000 0000000000000000000000000 1011101001101100011000001 
25 0 1000100110001010100000101 1000101001100011101000100 0000000000000000000000000 0000000000000000000000000 0000000000000000000000000 0000000000000000000000000 
25 0 1000100110111110111100111 1000101010011010101101111 0000000000000000000000000 0000000000000000000000000 0000000000000000000000000 0000000000000000000000000 
25 0 1000101001100011110001001 1000101011000001010011001 0000000000000000000000000 0000000000000000000000000 0000000000000000000000000 0000000000000000000000000 
25 0 1000101001000100000101101 1001001000111100011011011 0000000000000000000000000 0000000000000000000000000 0000000000000000000000000 0000000000000000000000000 
25 0 0000000000000000000000000 1001001011010110000111001 0000000000000000000000000 0000000000000000000000000 0000000000000000000000000 0000000000000000000000000 
25 1 0000000000000000000000000 0000000000000000000000000 0000000000000000000000000 0000000000000000000000000 0000000000000000000000000 0000000000000000000000000 
26 0 1000100101000111100000110 1000100110001110111111000 1001101001011110110000000 1001000110110001000100000 1010000110110111001100000 1011001011111001001100000 
26 0 1000100101110010000110101 1000100111000001111111100 1001101101101010111110010 1001001001010011001100001 1010000111100000011100000 1011101011011010110000001 
26 0 1000100101000111100111010 1000100111110010011111111 0000000000000000000000000 1010001001011011100100001 1010000111011111110100001 0000000000000000000000000 
26 0 1000100101100001010111011 1000101000010111001110000 0000000000000000000000000 0000000000000000000000000 1010000111100000001100001 0000000000000000000000000 
26 0 1000100110111101111100101 1000101011010001100011110 0000000000000000000000000 0000000000000000000000000 1011001000110011000000000 0000000000000000000000000 
26 0 1000101000001000111101101 1001000110011001110001110 0000000000000000000000000 0000000000000000000000000 0000000000000000000000000 0000000000000000000000000 
26 0 0000000000000000000000000 1001001001001000010001001 0000000000000000000000000 0000000000000000000000000 0000000000000000000000000 0000000000000000000000000 
26 0 0000000000000000000000000 1001001000101000111111101 0000000000000000000000000 0000000000000000000000000 0000000000000000000000000 0000000000000000000000000 
26 0 0000000000000000000000000 1001001010100110110100011 0000000000000000000000000 0000000000000000000000000 0000000000000000000000000 0000000000000000000000000 
26 0 0000000000000000000000000 1001001011000010111100101 0000000000000000000000000 0000000000000000000000000 0000000000000000000000000 0000000000000000000000000 
26 1 0000000000000000000000000 0000000000000000000000000 0000000000000000000000000 0000000000000000000000000 0000000000000000000000000 0000000000000000000000000 
27 0 1000100100101111111110000 1000100111001101111101000 1001001100101100110001100 1001100111010000010100001 1010100111100101011100001 1010001001010110110000001 
27 0 1000100111001010100010110 1000101011101001101101101 1001101000101000011111101 1001101000101111010100000 1010100111100101111100001 1011101001010101010100000 
27 0 1000100110101100001111100 1000101011101010100010000 1001101010010100000100011 0000000000000000000000000 0000000000000000000000000 1011101001101111001100000 
27 0 1000100110101100001111100 1000101010001011001111011 1001101100010011101111110 0000000000000000000000000 0000000000000000000000000 1011101011010111011100000 
27 0 1000101000011011100000110 1001000110011100000110001 0000000000000000000000000 0000000000000000000000000 0000000000000000000000000 1100001011110101001100001 
27 0 1000101000001101011110000 1001001010111011001010110 0000000000000000000000000 0000000000000000000000000 0000000000000000000000000 1100101001001101101100000 
27 1 0000000000000000000000000 0000000000000000000000000 0000000000000000000000000 0000000000000000000000000 0000000000000000000000000 0000000000000000000000000 
28 0 1000100101010001000111101 1000100110110110101110011 1001001010100101001100111 1001000111101011100100000 1010101000010010101100000 1010101010001010001100001 
28 0 1000100110100101100001110 1001000111010110100100010 1001001010100101001100111 1001000110000001000000001 0000000000000000000000000 1011101000000111000000000 
28 0 1000100111100100011001111 1001000110100000001111101 1001001010100101010001000 1001100111110011011000001 0000000000000000000000000 1011101000011101101100001 
28 0 1000100111001100110011000 1001001010100100101010011 1001001010100101010001000 1010000110100101111000000 0000000000000000000000000 1011101010011011100100000 
28 0 1000100111001011001011100 0000000000000000000000000 1001001010000110000110101 1010000110110110011000000 0000000000000000000000000 1011101010010110101000001 
28 0 1000101001010000000110001 0000000000000000000000000 1001001010001011000111111 1010000110110111111100000 0000000000000000000000000 0000000000000000000000000 
28 0 1000101000001101101010010 0000000000000000000000000 1001101011101010010010101 1010000110111001000100000 0000000000000000000000000 0000000000000000000000000 
28 0 0000000000000000000000000 0000000000000000000000000 0000000000000000000000000 1010000110111010011000000 0000000000000000000000000 0000000000000000000000000 
28 0 0000000000000000000000000 0000000000000000000000000 0000000000000000000000000 1010000110100111110000001 0000000000000000000000000 0000000000000000000000000 
28 0 0000000000000000000000000 0000000000000000000000000 0000000000000000000000000 1010000110101001100000001 0000000000000000000000000 0000000000000000000000000 
28 0 0000000000000000000000000 0000000000000000000000000 0000000000000000000000000 1010000110101010101000001 0000000000000000000000000 0000000000000000000000000 
28 0 0000000000000000000000000 0000000000000000000000000 0000000000000000000000000 1010000110101011010000001 0000000000000000000000000 0000000000000000000000000 
28 0 0000000000000000000000000 0000000000000000000000000 0000000000000000000000000 1010000110101100001100001 0000000000000000000000000 0000000000000000000000000 
28 0 0000000000000000000000000 0000000000000000000000000 0000000000000000000000000 1010000110101100001100001 0000000000000000000000000 0000000000000000000000000 
28 0 0000000000000000000000000 0000000000000000000000000 0000000000000000000000000 1010000110110000011100001 0000000000000000000000000 0000000000000000000000000 
28 0 0000000000000000000000000 0000000000000000000000000 0000000000000000000000000 1010000110110001010100001 0000000000000000000000000 0000000000000000000000000 
28 0 0000000000000000000000000 0000000000000000000000000 0000000000000000000000000 1010000110110010100100001 0000000000000000000000000 0000000000000000000000000 
28 1 0000000000000000000000000 0000000000000000000000000 0000000000000000000000000 0000000000000000000000000 0000000000000000000000000 0000000000000000000000000 
29 0 1000100100100111011101101 1000101000110111001010000 1001001001010111110001011 1010001000111001000100001 0000000000000000000000000 1100001011011111010100000 
29 0 1000100100010000011010101 1000101000110111001010001 1001001000110110000010100 0000000000000000000000000 0000000000000000000000000 1100001011100111011000001 
29 0 1000100111101110000001000 1000101000110110100010011 1001001010101111010111001 0000000000000000000000000 0000000000000000000000000 0000000000000000000000000 
29 0 1000100111000111011001100 1000101000000010101111001 1001001010101111011011010 0000000000000000000000000 0000000000000000000000000 0000000000000000000000000 
29 0 1000101001100110100010000 1001000111010011100000100 1001101000011111101100111 0000000000000000000000000 0000000000000000000000000 0000000000000000000000000 
29 0 1000101000000110010110001 1001001000110110010111111 1001101010001010011101111 0000000000000000000000000 0000000000000000000000000 0000000000000000000000000 
29 0 0000000000000000000000000 1001001011101011111100011 1001101101110000001111111 0000000000000000000000000 0000000000000000000000000 0000000000000000000000000 
29 1 0000000000000000000000000 0000000000000000000000000 0000000000000000000000000 0000000000000000000000000 0000000000000000000000000 0000000000000000000000000 
30 0 1000100101101001011100011 1000100111000000100111001 1001001100000110010111110 1001000111001110110100000 0000000000000000000000000 1011001010100001100100000 
30 0 1000100101011110100010111 1000100111010011101111001 1001101000101110000100101 1001000111001111000100001 0000000000000000000000000 0000000000000000000000000 
30 0 1000100100111010101011001 1000101000110110101110001 1001101000101001011110011 1001000111100001011000001 0000000000000000000000000 0000000000000000000000000 
30 0 1000100101100101010011101 1000101010100110100110010 1001101010110100100010000 1001000111100011001100001 0000000000000000000000000 0000000000000000000000000 
30 0 1000100110011101010001011 1001001000000011101000111 1001101100111010110110100 1001000111100110001000001 0000000000000000000000000 0000000000000000000000000 
30 0 1000100111101000101111110 1001001010000111111111101 0000000000000000000000000 1001001000110011101100000 0000000000000000000000000 0000000000000000000000000 
30 0 1000101001000000100101000 0000000000000000000000000 0000000000000000000000000 1001001001111010111100000 0000000000000000000000000 0000000000000000000000000 
30 0 1000101001011011111110101 0000000000000000000000000 0000000000000000000000000 1001101000101101010100000 0000000000000000000000000 0000000000000000000000000 
30 0 1000101001001110011011110 0000000000000000000000000 0000000000000000000000000 1001101000111111001100000 0000000000000000000000000 0000000000000000000000000 
30 1 0000000000000000000000000 0000000000000000000000000 0000000000000000000000000 0000000000000000000000000 0000000000000000000000000 0000000000000000000000000 
31 0 1000100101001001110011100 1000101001101001100100010 1001001100111111000110000 1010000110010110000100000 1001100111110001000100001 0000000000000000000000000 
31 0 1000100101001001110111101 1000101010111111110111110 1001001101001011001111000 1010000111001000010100000 1001101001011110000100000 0000000000000000000000000 
31 0 1000100110001011100010100 1001001000100010010101011 1001001101100100010011000 1010000111010000011100001 1010001000110111110100001 0000000000000000000000000 
31 0 1000100111010010001111110 0000000000000000000000000 1001101100001010101011110 0000000000000000000000000 0000000000000000000000000 0000000000000000000000000 
31 0 1000101001010100001001101 0000000000000000000000000 0000000000000000000000000 0000000000000000000000000 0000000000000000000000000 0000000000000000000000000 
31 0 1000101000111010110010111 0000000000000000000000000 0000000000000000000000000 0000000000000000000000000 0000000000000000000000000 0000000000000000000000000 
31 0 1000101000001101001011110 0000000000000000000000000 0000000000000000000000000 0000000000000000000000000 0000000000000000000000000 0000000000000000000000000 
31 1 0000000000000000000000000 0000000000000000000000000 0000000000000000000000000 0000000000000000000000000 0000000000000000000000000 0000000000000000000000000 
32 0 1000100111000111110000101 1000100111001101001001001 1001001010100100010100001 1001001000101101111100001 1001101001011101110000001 1100001000010011100100000 
32 0 1000101001000010001000111 1000100111001100100001011 0000000000000000000000000 0000000000000000000000000 0000000000000000000000000 0000000000000000000000000 
32 0 0000000000000000000000000 1000100110111010000110000 0000000000000000000000000 0000000000000000000000000 0000000000000000000000000 0000000000000000000000000 
32 0 0000000000000000000000000 1000100110101111011011000 0000000000000000000000000 0000000000000000000000000 0000000000000000000000000 0000000000000000000000000 
32 0 0000000000000000000000000 1000101000010111101010010 0000000000000000000000000 0000000000000000000000000 0000000000000000000000000 0000000000000000000000000 
32 0 0000000000000000000000000 1000101000001111110111011 0000000000000000000000000 0000000000000000000000000 0000000000000000000000000 0000000000000000000000000 
32 0 0000000000000000000000000 1000101011110101110101110 0000000000000000000000000 0000000000000000000000000 0000000000000000000000000 0000000000000000000000000 
32 0 0000000000000000000000000 1001000110101000000110100 0000000000000000000000000 0000000000000000000000000 0000000000000000000000000 0000000000000000000000000 
32 0 0000000000000000000000000 1001001000100101111001000 0000000000000000000000000 0000000000000000000000000 0000000000000000000000000 0000000000000000000000000 
32 0 0000000000000000000000000 1001001010001011011001110 0000000000000000000000000 0000000000000000000000000 0000000000000000000000000 0000000000000000000000000 
32 1 0000000000000000000000000 0000000000000000000000000 0000000000000000000000000 0000000000000000000000000 0000000000000000000000000 0000000000000000000000000 
33 0 1000100100101100111011010 1000100111001011111000011 1001101001010011100111110 1001001001100110100100001 1001100111000010001100000 0000000000000000000000000 
33 0 1000100110101011110110100 1000100111001011101110111 0000000000000000000000000 0000000000000000000000000 1001100110101111110100001 0000000000000000000000000 
33 0 1000101000011101110101100 1000101001011101110011110 0000000000000000000000000 0000000000000000000000000 1001100110111111010000001 0000000000000000000000000 
33 0 1000101001001000101111110 1000101011110101101111111 0000000000000000000000000 0000000000000000000000000 1001101001010011110000001 0000000000000000000000000 
33 0 0000000000000000000000000 1001001000011000010000010 0000000000000000000000000 0000000000000000000000000 1010001001001001101100000 0000000000000000000000000 
33 0 0000000000000000000000000 1001001000111000101001001 0000000000000000000000000 0000000000000000000000000 1010001001010000110100001 0000000000000000000000000 
33 0 0000000000000000000000000 1001001000011101010111101 0000000000000000000000000 0000000000000000000000000 1010001001010010001100001 0000000000000000000000000 
33 0 0000000000000000000000000 1001001010110000101001101 0000000000000000000000000 0000000000000000000000000 1011000111101101101100000 0000000000000000000000000 
33 0 0000000000000000000000000 1001001010011101111011000 0000000000000000000000000 0000000000000000000000000 1011000111100011110000001 0000000000000000000000000 
33 0 0000000000000000000000000 1001001010011000110111101 0000000000000000000000000 0000000000000000000000000 1011001001110000101000000 0000000000000000000000000 
33 0 0000000000000000000000000 0000000000000000000000000 0000000000000000000000000 0000000000000000000000000 1011001001110001000100000 0000000000000000000000000 
33 0 0000000000000000000000000 0000000000000000000000000 0000000000000000000000000 0000000000000000000000000 1011001001110011001100000 0000000000000000000000000 
33 0 0000000000000000000000000 0000000000000000000000000 0000000000000000000000000 0000000000000000000000000 1011001001101110101100001 0000000000000000000000000 
33 1 0000000000000000000000000 0000000000000000000000000 0000000000000000000000000 0000000000000000000000000 0000000000000000000000000 0000000000000000000000000 
34 0 1000100101001010101000110 1000101001101001000100011 1001001000000011111011011 1001000111010100011100001 0000000000000000000000000 1011101000000111010100000 
34 0 1000100101101011110101110 1000101011100111111100110 1001001011101111101110000 1001000111010101011100001 0000000000000000000000000 1100001010111111111100001 
34 0 1000100100010000011110101 1000101011100111111100110 1001001101010110000100011 1001000111010111010100001 0000000000000000000000000 0000000000000000000000000 
34 0 1000100101101000000110101 1000101010101111100001011 0000000000000000000000000 1001000111011000010100001 0000000000000000000000000 0000000000000000000000000 
34 0 1000100100010001000010110 1000101011101000000011110 0000000000000000000000000 1001000111011011000000001 0000000000000000000000000 0000000000000000000000000 
34 0 1000100100001100010111000 1001001000101001101100100 0000000000000000000000000 1001000111011100111000001 0000000000000000000000000 0000000000000000000000000 
34 0 1000100110111110000000110 0000000000000000000000000 0000000000000000000000000 1001000111011101001000001 0000000000000000000000000 0000000000000000000000000 
34 0 1000100111001101110101100 0000000000000000000000000 0000000000000000000000000 0000000000000000000000000 0000000000000000000000000 0000000000000000000000000 
34 0 1000100111001101110101100 0000000000000000000000000 0000000000000000000000000 0000000000000000000000000 0000000000000000000000000 0000000000000000000000000 
34 0 1000100111001101111001101 0000000000000000000000000 0000000000000000000000000 0000000000000000000000000 0000000000000000000000000 0000000000000000000000000 
34 0 1000100111011100100010010 0000000000000000000000000 0000000000000000000000000 0000000000000000000000000 0000000000000000000000000 0000000000000000000000000 
34 0 1000100111011100100010010 0000000000000000000000000 0000000000000000000000000 0000000000000000000000000 0000000000000000000000000 0000000000000000000000000 
34 0 1000101000011100000100110 0000000000000000000000000 0000000000000000000000000 0000000000000000000000000 0000000000000000000000000 0000000000000000000000000 
34 0 1000101000000111111101000 0000000000000000000000000 0000000000000000000000000 0000000000000000000000000 0000000000000000000000000 0000000000000000000000000 
34 1 0000000000000000000000000 0000000000000000000000000 0000000000000000000000000 0000000000000000000000000 0000000000000000000000000 0000000000000000000000000 
35 0 1000100100101100001001000 1000100110110010001000011 1001001001000101101101000 1001000111111011011100001 1001101000101111101100001 1011101001000011100000001 
35 0 1000100100101100001001000 1000101001100011110100100 1001001001000110000010010 1001100110110000000000001 1011000111100111110100000 1100101000110101110100001 
35 0 1000100100100101110101111 1000101001011110010101001 1001001010111110010101100 1001100111010001100000001 0000000000000000000000000 0000000000000000000000000 
35 0 1000100100100100010110011 1000101000110010011010000 1001001100111110000000111 1001100111011001000000001 0000000000000000000000000 0000000000000000000000000 
35 0 1000100100111101101111000 1000101010011101001100100 1001001101110101011001010 1010000111100001111100000 0000000000000000000000000 0000000000000000000000000 
35 0 1000100101100101110011110 1000101010011101001101010 1001001101110101001101111 1010001000010110110000001 0000000000000000000000000 0000000000000000000000000 
35 0 1000100111100000100100110 1000101010110000000101011 1001001101101101010110011 1010001001000110001000001 0000000000000000000000000 0000000000000000000000000 
35 0 1000100111100110101110101 1001000111010011011001011 1001001101100101011110100 0000000000000000000000000 0000000000000000000000000 0000000000000000000000000 
35 0 1000100111100110111111000 1001000110010001110011010 1001001101101100001010101 0000000000000000000000000 0000000000000000000000000 0000000000000000000000000 
35 0 1000100110100000011011001 1001001000010000010011000 1001001101110101010111001 0000000000000000000000000 0000000000000000000000000 0000000000000000000000000 
35 0 1000100110100000011011011 1001001010001111000011010 1001101000111110111010011 0000000000000000000000000 0000000000000000000000000 0000000000000000000000000 
35 0 0000000000000000000000000 0000000000000000000000000 1001101100100101000101010 0000000000000000000000000 0000000000000000000000000 0000000000000000000000000 
35 0 0000000000000000000000000 0000000000000000000000000 1001101101101001100101101 0000000000000000000000000 0000000000000000000000000 0000000000000000000000000 
35 1 0000000000000000000000000 0000000000000000000000000 0000000000000000000000000 0000000000000000000000000 0000000000000000000000000 0000000000000000000000000 
36 0 1000100100010100010000011 1000101001000100001101000 1001001001001000100000010 1001100110000110011000000 1011001000100011101100000 1010001000111101100100000 
36 0 1000100100101111000001011 1000101010011100100101110 1001001001101111110011101 1001101001100001110100000 0000000000000000000000000 1010001000111111011100000 
36 0 1000100100001110000010100 1000101010010011011101111 1001101100011100111110111 0000000000000000000000000 0000000000000000000000000 1010001001000110110100000 
36 0 1000100101101100101011011 1001000110001111000101110 0000000000000000000000000 0000000000000000000000000 0000000000000000000000000 1010001001000010000000001 
36 0 1000100111100100001100000 1001000111000010111011100 0000000000000000000000000 0000000000000000000000000 0000000000000000000000000 1010001010001000001000000 
36 0 1000100110011111000110011 1001000111000010110011101 0000000000000000000000000 0000000000000000000000000 0000000000000000000000000 1010001010100110011100000 
36 0 1000100110010100111111101 1001000111000110000011110 0000000000000000000000000 0000000000000000000000000 0000000000000000000000000 1010001010101101001100000 
36 0 1000101000101111001100101 1001001000100101110010001 0000000000000000000000000 0000000000000000000000000 0000000000000000000000000 1010001010110011010100000 
36 0 1000101001011110101110110 1001001001001000001110111 0000000000000000000000000 0000000000000000000000000 0000000000000000000000000 1010001010110101100100000 
36 0 1000101001010101011011011 1001001000110010110011101 0000000000000000000000000 0000000000000000000000000 0000000000000000000000000 1010001010110110110100001 
36 0 0000000000000000000000000 1001001011110001111100001 0000000000000000000000000 0000000000000000000000000 0000000000000000000000000 1010101000110101101100001 
36 0 0000000000000000000000000 1001001010100010011101010 0000000000000000000000000 0000000000000000000000000 0000000000000000000000000 1011001000010010101000001 
36 0 0000000000000000000000000 1001001011011111010010010 0000000000000000000000000 0000000000000000000000000 0000000000000000000000000 1011001010010110110000001 
36 1 0000000000000000000000000 0000000000000000000000000 0000000000000000000000000 0000000000000000000000000 0000000000000000000000000 0000000000000000000000000 
37 0 1000100100101011001000100 1000100111101100010110010 1001101000100101110010011 1010000110110010010000001 1010000111100000101000000 1100001000001001000000000 
37 0 1000100100111100101101001 1000101001110001111110011 1001101101001000100101111 0000000000000000000000000 0000000000000000000000000 1100001010000101100100000 
37 0 1000100110011111011110000 1000101000000101110111100 0000000000000000000000000 0000000000000000000000000 0000000000000000000000000 1100001011101100010000000 
37 0 1000101001011001111100100 1001001000101011100100100 0000000000000000000000000 0000000000000000000000000 0000000000000000000000000 1100001010001001000100001 
37 0 1000101001011001110000101 1001001000011001100001110 0000000000000000000000000 0000000000000000000000000 0000000000000000000000000 0000000000000000000000000 
37 0 1000101000101011010101010 1001001000011001111011101 0000000000000000000000000 0000000000000000000000000 0000000000000000000000000 0000000000000000000000000 
37 0 1000101001011100100110010 0000000000000000000000000 0000000000000000000000000 0000000000000000000000000 0000000000000000000000000 0000000000000000000000000 
37 1 0000000000000000000000000 0000000000000000000000000 0000000000000000000000000 0000000000000000000000000 0000000000000000000000000 0000000000000000000000000 
38 0 1000100100100011000000111 1000100110001001011001101 1001001000111110100011000 1001001000101000001100000 1010100110000101011100001 1010001010110010001000001 
38 0 1000100101000110111101001 1000100110001001011001101 1001001010101100100100100 1001001000001000001100001 0000000000000000000000000 1100001011110110101100000 
38 0 1000100101001111100110011 1000100110001001100010011 1001001100101011111111110 0000000000000000000000000 0000000000000000000000000 0000000000000000000000000 
38 0 1000100101001111100010100 1000100110001001100010011 1001101100110010100101011 0000000000000000000000000 0000000000000000000000000 0000000000000000000000000 
38 0 1000100100110100001010101 1001001000110011000111001 0000000000000000000000000 0000000000000000000000000 0000000000000000000000000 0000000000000000000000000 
38 0 1000100100111010111110110 1001001010101101111000010 0000000000000000000000000 0000000000000000000000000 0000000000000000000000000 0000000000000000000000000 
38 0 1000100101011100111110110 1001001010101110001001101 0000000000000000000000000 0000000000000000000000000 0000000000000000000000000 0000000000000000000000000 
38 0 1000100100111010101110111 0000000000000000000000000 0000000000000000000000000 0000000000000000000000000 0000000000000000000000000 0000000000000000000000000 
38 0 1000100100111011100111010 0000000000000000000000000 0000000000000000000000000 0000000000000000000000000 0000000000000000000000000 0000000000000000000000000 
38 0 1000100100010111001111011 0000000000000000000000000 0000000000000000000000000 0000000000000000000000000 0000000000000000000000000 0000000000000000000000000 
38 0 1000100111011111011100001 0000000000000000000000000 0000000000000000000000000 0000000000000000000000000 0000000000000000000000000 0000000000000000000000000 
38 0 1000100111010101110101000 0000000000000000000000000 0000000000000000000000000 0000000000000000000000000 0000000000000000000000000 0000000000000000000000000 
38 0 1000100111001110100011110 0000000000000000000000000 0000000000000000000000000 0000000000000000000000000 0000000000000000000000000 0000000000000000000000000 
38 0 1000101000100100010000101 0000000000000000000000000 0000000000000000000000000 0000000000000000000000000 0000000000000000000000000 0000000000000000000000000 
38 0 1000101001100011011001101 0000000000000000000000000 0000000000000000000000000 0000000000000000000000000 0000000000000000000000000 0000000000000000000000000 
38 0 1000101001010111100011010 0000000000000000000000000 0000000000000000000000000 0000000000000000000000000 0000000000000000000000000 0000000000000000000000000 
38 1 0000000000000000000000000 0000000000000000000000000 0000000000000000000000000 0000000000000000000000000 0000000000000000000000000 0000000000000000000000000 
39 0 1000100100101010111100100 1000101000010001001010101 1001001010100101001011000 0000000000000000000000000 1010101001010011000100001 0000000000000000000000000 
39 0 1000100101010111100010001 1000101001010101100111100 1001101010101101011111000 0000000000000000000000000 1011000110010110101100000 0000000000000000000000000 
39 0 1000100100110100101111010 1000101011000100000100010 1001101100010101000000000 0000000000000000000000000 0000000000000000000000000 0000000000000000000000000 
39 0 1000100110110101111001110 1000101011110101011010101 1001101100010100111100001 0000000000000000000000000 0000000000000000000000000 0000000000000000000000000 
39 0 1000100110101010001110100 1000101011011101000111010 1001101100001010110100011 0000000000000000000000000 0000000000000000000000000 0000000000000000000000000 
39 0 1000100111100101001011100 1001001010111010001101010 1001101100100000110010101 0000000000000000000000000 0000000000000000000000000 0000000000000000000000000 
39 0 1000101000101011110001011 1001001011101101000101010 0000000000000000000000000 0000000000000000000000000 0000000000000000000000000 0000000000000000000000000 
39 0 1000101001101011110101111 0000000000000000000000000 0000000000000000000000000 0000000000000000000000000 0000000000000000000000000 0000000000000000000000000 
39 1 0000000000000000000000000 0000000000000000000000000 0000000000000000000000000 0000000000000000000000000 0000000000000000000000000 0000000000000000000000000 
40 0 1000100100011110001100111 1000100110111100010110010 1001001001100111011001011 1001000110100011010100000 1010100110100100010100000 1010001001011101101100000 
40 0 1000100101001101010101100 1000100111011000101010011 1001001001100111100001100 1001100110100101111000000 1010101000100011001100001 1010001000110000110000001 
40 0 1000100100110011101010011 1000101001100011111000100 1001001001010010111011000 0000000000000000000000000 0000000000000000000000000 1010101010001111000100001 
40 0 1000100101000001101110100 1000101001100011111000100 1001001101101001001110000 0000000000000000000000000 0000000000000000000000000 1010101010010010111000001 
40 0 1000100101100001100010100 1000101001011010110001101 0000000000000000000000000 0000000000000000000000000 0000000000000000000000000 1100001000111110000000000 
40 0 1000100100011101110111010 1000101001100100001011100 0000000000000000000000000 0000000000000000000000000 0000000000000000000000000 0000000000000000000000000 
40 0 1000100110011001001110101 1000101001100100001011100 0000000000000000000000000 0000000000000000000000000 0000000000000000000000000 0000000000000000000000000 
40 0 1000100110011001001110101 1000101010000111000000101 0000000000000000000000000 0000000000000000000000000 0000000000000000000000000 0000000000000000000000000 
40 0 1000101000001100001101100 1000101011100011001111111 0000000000000000000000000 0000000000000000000000000 0000000000000000000000000 0000000000000000000000000 
40 0 0000000000000000000000000 1001001011010001101011111 0000000000000000000000000 0000000000000000000000000 0000000000000000000000000 0000000000000000000000000 
40 1 0000000000000000000000000 0000000000000000000000000 0000000000000000000000000 0000000000000000000000000 0000000000000000000000000 0000000000000000000000000 
41 0 1000100101011101111101101 1000100110000001110010010 1001001001100100000110001 1001001000110001001100001 1010000110001100011000001 1100101000110100100100000 
41 0 1000100101011100001110111 1000101000011011110001100 1001001010101101000001111 0000000000000000000000000 1011001000110111100100000 0000000000000000000000000 
41 0 1000100100111001111111100 1000101000011011110001101 1001101000010110111000101 0000000000000000000000000 0000000000000000000000000 0000000000000000000000000 
41 0 1000101001100101101010010 1000101000001101011111010 1001101001110001001110101 0000000000000000000000000 0000000000000000000000000 0000000000000000000000000 
41 0 1000101001100101101010011 1000101000011011001111111 1001101010111010011101011 0000000000000000000000000 0000000000000000000000000 0000000000000000000000000 
41 0 1000101000100010010111011 1000101011011110000111010 1001101010111101111011000 0000000000000000000000000 0000000000000000000000000 0000000000000000000000000 
41 0 0000000000000000000000000 1000101011011110000011011 0000000000000000000000000 0000000000000000000000000 0000000000000000000000000 0000000000000000000000000 
41 1 0000000000000000000000000 0000000000000000000000000 0000000000000000000000000 0000000000000000000000000 0000000000000000000000000 0000000000000000000000000 
42 0 1000100101001110010010010 1000101000101000001100100 1001101011001011101011110 1001000111101011100100000 1010000111101011011000001 1011101000101011011100001 
42 0 1000100101101000101010010 1001000111011101001101111 0000000000000000000000000 1010001001100010010100000 1010000111101111100000001 0000000000000000000000000 
42 0 1000100100010101010010101 1001001001010111001010011 0000000000000000000000000 0000000000000000000000000 1010000111110000101000001 0000000000000000000000000 
42 0 1000100111010110001100011 1001001000000101110011011 0000000000000000000000000 0000000000000000000000000 1010001000010000000100000 0000000000000000000000000 
42 0 1000100110101000100010110 1001001010110001010110100 0000000000000000000000000 0000000000000000000000000 0000000000000000000000000 0000000000000000000000000 
42 0 1000100110100011111011100 0000000000000000000000000 0000000000000000000000000 0000000000000000000000000 0000000000000000000000000 0000000000000000000000000 
42 1 0000000000000000000000000 0000000000000000000000000 0000000000000000000000000 0000000000000000000000000 0000000000000000000000000 0000000000000000000000000 
43 0 1000100100101110111001101 1000101000111111000001101 1001001001001110110100100 1001000110111101011100000 0000000000000000000000000 0000000000000000000000000 
43 0 1000100100101110001101110 1000101000000000111111001 1001001000000010110000101 1001001000011010010100000 0000000000000000000000000 0000000000000000000000000 
43 0 1000100100011011100010110 1000101010100001111110101 1001101010100110011011111 1010000111110000100100000 0000000000000000000000000 0000000000000000000000000 
43 0 1000100111011100100000101 1000101011001011011111000 0000000000000000000000000 1010000111101011100000001 0000000000000000000000000 0000000000000000000000000 
43 0 1000100110010111100101001 1001001010011110111001100 0000000000000000000000000 1010000111101111001100001 0000000000000000000000000 0000000000000000000000000 
43 0 1000101000100110011101010 1001001011100110100011100 0000000000000000000000000 1010001001111010101100001 0000000000000000000000000 0000000000000000000000000 
43 0 1000101000010010101001110 0000000000000000000000000 0000000000000000000000000 0000000000000000000000000 0000000000000000000000000 0000000000000000000000000 
43 0 1000101000101101010010001 0000000000000000000000000 0000000000000000000000000 0000000000000000000000000 0000000000000000000000000 0000000000000000000000000 
43 0 1000101001101101101010111 0000000000000000000000000 0000000000000000000000000 0000000000000000000000000 0000000000000000000000000 0000000000000000000000000 
43 0 1000101001101101100111000 0000000000000000000000000 0000000000000000000000000 0000000000000000000000000 0000000000000000000000000 0000000000000000000000000 
43 1 0000000000000000000000000 0000000000000000000000000 0000000000000000000000000 0000000000000000000000000 0000000000000000000000000 0000000000000000000000000 
44 0 1000100100010100100001100 1000100110001110001010010 1001101101110011011010011 1010001000011101010000000 1010001000011000101100000 1011001011000000100000001 
44 0 1000100100111011100110111 1000100110001110001010011 1001101101110011010110100 0000000000000000000000000 0000000000000000000000000 1011101000111101000000000 
44 0 1000100110100101001010111 1000100110100110000111001 0000000000000000000000000 0000000000000000000000000 0000000000000000000000000 1011101010110110001100000 
44 0 1000101000101100001101100 1000101000000111110001110 0000000000000000000000000 0000000000000000000000000 0000000000000000000000000 0000000000000000000000000 
44 0 0000000000000000000000000 1001001000001110011100010 0000000000000000000000000 0000000000000000000000000 0000000000000000000000000 0000000000000000000000000 
44 1 0000000000000000000000000 0000000000000000000000000 0000000000000000000000000 0000000000000000000000000 0000000000000000000000000 0000000000000000000000000 
45 0 1000100101000010101000101 1000100110010101000011101 1001001001110011100001110 0000000000000000000000000 1010100111101000010100000 0000000000000000000000000 
45 0 1000100110011001010011110 1000101001101011101001010 0000000000000000000000000 0000000000000000000000000 0000000000000000000000000 0000000000000000000000000 
45 0 1000101000110001000100011 1000101000001101010110111 0000000000000000000000000 0000000000000000000000000 0000000000000000000000000 0000000000000000000000000 
45 0 1000101000010001110100100 1000101010000110110001110 0000000000000000000000000 0000000000000000000000000 0000000000000000000000000 0000000000000000000000000 
45 0 1000101001110001100100111 1001000110101011100111100 0000000000000000000000000 0000000000000000000000000 0000000000000000000000000 0000000000000000000000000 
45 0 1000101001110001100100111 0000000000000000000000000 0000000000000000000000000 0000000000000000000000000 0000000000000000000000000 0000000000000000000000000 
45 0 1000101001011011100110000 0000000000000000000000000 0000000000000000000000000 0000000000000000000000000 0000000000000000000000000 0000000000000000000000000 
45 1 0000000000000000000000000 0000000000000000000000000 0000000000000000000000000 0000000000000000000000000 0000000000000000000000000 0000000000000000000000000 
46 0 1000100100010110110001000 1000100111100111010100111 1001001010100100011011000 1001000110000100101100001 0000000000000000000000000 1010001000001001001100000 
46 0 1000100100101000111101111 1000100110001000101001110 1001001101010100000101010 1010000111001100110000001 0000000000000000000000000 0000000000000000000000000 
46 0 1000100100101001000010010 1000100111110010010011111 1001101011110011011110010 0000000000000000000000000 0000000000000000000000000 0000000000000000000000000 
46 0 1000100100010101010010110 1000101000000011001110011 0000000000000000000000000 0000000000000000000000000 0000000000000000000000000 0000000000000000000000000 
46 0 1000100100010100000111010 1000101011000011011101101 0000000000000000000000000 0000000000000000000000000 0000000000000000000000000 0000000000000000000000000 
46 0 1000100100100100111111101 1000101011100000011110111 0000000000000000000000000 0000000000000000000000000 0000000000000000000000000 0000000000000000000000000 
46 0 1000100111010010001100111 1001000110101100100101001 0000000000000000000000000 0000000000000000000000000 0000000000000000000000000 0000000000000000000000000 
46 0 1000100110110101000101101 1001000111100111011110111 0000000000000000000000000 0000000000000000000000000 0000000000000000000000000 0000000000000000000000000 
46 0 1000100110001010010001110 1001001011101100010001111 0000000000000000000000000 0000000000000000000000000 0000000000000000000000000 0000000000000000000000000 
46 0 1000101001100000110110100 0000000000000000000000000 0000000000000000000000000 0000000000000000000000000 0000000000000000000000000 0000000000000000000000000 
46 0 1000101000001111101111001 0000000000000000000000000 0000000000000000000000000 0000000000000000000000000 0000000000000000000000000 0000000000000000000000000 
46 0 1000101000111010110111001 0000000000000000000000000 0000000000000000000000000 0000000000000000000000000 0000000000000000000000000 0000000000000000000000000 
46 1 0000000000000000000000000 0000000000000000000000000 0000000000000000000000000 0000000000000000000000000 0000000000000000000000000 0000000000000000000000000 
47 0 1000100100101010110110101 1001000110001111111011010 1001001101101001000010100 1001100110011000101000000 0000000000000000000000000 1010101001101000010100001 
47 0 1000100101100100100011011 1001001001001110000100101 1001001101100110101110110 1001100110100111001100000 0000000000000000000000000 0000000000000000000000000 
47 0 0000000000000000000000000 1001001001110001001010010 1001101000100101000110000 1001100111011111110100000 0000000000000000000000000 0000000000000000000000000 
47 0 0000000000000000000000000 0000000000000000000000000 1001101001001101011010100 1001100111100101100100000 0000000000000000000000000 0000000000000000000000000 
47 0 0000000000000000000000000 0000000000000000000000000 1001101011001000101110001 1001100110011000000000001 0000000000000000000000000 0000000000000000000000000 
47 0 0000000000000000000000000 0000000000000000000000000 1001101101000110110000101 1001100110011010100100001 0000000000000000000000000 0000000000000000000000000 
47 0 0000000000000000000000000 0000000000000000000000000 0000000000000000000000000 1001100111100010100100001 0000000000000000000000000 0000000000000000000000000 
47 0 0000000000000000000000000 0000000000000000000000000 0000000000000000000000000 1010000111011010111000000 0000000000000000000000000 0000000000000000000000000 
47 0 0000000000000000000000000 0000000000000000000000000 0000000000000000000000000 1010001000011110111000000 0000000000000000000000000 0000000000000000000000000 
47 1 0000000000000000000000000 0000000000000000000000000 0000000000000000000000000 0000000000000000000000000 0000000000000000000000000 0000000000000000000000000 
48 0 1000100100001110010101010 1000100110101010001010110 1001001001001111110101011 1001000110110001011100000 1001101001001101000100001 1011001001111010111000000 
48 0 1000100100001100101010011 1000101010100011101110001 1001001001010111000001110 1001000111001011001100001 0000000000000000000000000 0000000000000000000000000 
48 0 1000100100001100101010011 1000101010010011100010100 1001001010100010101111011 1001101001101010011100000 0000000000000000000000000 0000000000000000000000000 
48 0 1000100100010100001110011 1000101010100100111011101 1001001101000110000101010 1001101001101110001100000 0000000000000000000000000 0000000000000000000000000 
48 0 1000100101010001110011010 1000101010100100111011110 1001001101001110111010110 1010000110010001010100001 0000000000000000000000000 0000000000000000000000000 
48 0 1000100111101110110101001 1001000111011001110000110 1001101001010100111000010 1010001001101010011100001 0000000000000000000000000 0000000000000000000000000 
48 0 1000100110100101101010001 1001001000001101010001010 1001101001001010100011001 0000000000000000000000000 0000000000000000000000000 0000000000000000000000000 
48 0 1000101001010001001100011 1001001000000100011011010 1001101001001010100011010 0000000000000000000000000 0000000000000000000000000 0000000000000000000000000 
48 0 1000101000111011011000101 0000000000000000000000000 1001101011010100101000010 0000000000000000000000000 0000000000000000000000000 0000000000000000000000000 
48 0 0000000000000000000000000 0000000000000000000000000 1001101101010100111011111 0000000000000000000000000 0000000000000000000000000 0000000000000000000000000 
48 1 0000000000000000000000000 0000000000000000000000000 0000000000000000000000000 0000000000000000000000000 0000000000000000000000000 0000000000000000000000000 
49 0 1000100110111010001110100 1000100110111111110001001 1001001011010100100110110 1001100111000111011000000 1001100110110110001000000 1011001000110001100000001 
49 0 1000101001010000001100100 1000100110111111101101010 1001001011000101011111110 1001100111000111011000000 1001100110001101001000001 1011001000110001111100001 
49 0 1000101000011010010000110 1000100110111111101001101 1001001100111100101001001 1001101001011100101100000 1001100110001101001000001 1011001001000101101000001 
49 0 1000101001011010110001000 1000100110101011001111001 1001001100100110111101100 0000000000000000000000000 1001100110001101100000001 1011001001000111010100001 
49 0 0000000000000000000000000 1000101001001110000101011 1001101101101110010001101 0000000000000000000000000 1001100110110111011000001 1100101001101000111100000 
49 0 0000000000000000000000000 1000101011010001011101001 0000000000000000000000000 0000000000000000000000000 1001100110111001111100001 1100101001100100001100001 
49 0 0000000000000000000000000 1000101010010111001011110 0000000000000000000000000 0000000000000000000000000 1001100110111100011000001 0000000000000000000000000 
49 0 0000000000000000000000000 1001000110000111000111000 0000000000000000000000000 0000000000000000000000000 1001100110111111101100001 0000000000000000000000000 
49 0 0000000000000000000000000 1001001001101111110110000 0000000000000000000000000 0000000000000000000000000 1001100111001100110100001 0000000000000000000000000 
49 0 0000000000000000000000000 1001001010100010011001001 0000000000000000000000000 0000000000000000000000000 1001100111001110100100001 0000000000000000000000000 
49 0 0000000000000000000000000 1001001010100001101110100 0000000000000000000000000 0000000000000000000000000 1010000111111101010000001 0000000000000000000000000 
49 0 0000000000000000000000000 0000000000000000000000000 0000000000000000000000000 0000000000000000000000000 1010101001000100010100001 0000000000000000000000000 
49 0 0000000000000000000000000 0000000000000000000000000 0000000000000000000000000 0000000000000000000000000 1011000111001101111100000 0000000000000000000000000 
49 0 0000000000000000000000000 0000000000000000000000000 0000000000000000000000000 0000000000000000000000000 1011000111000101011100001 0000000000000000000000000 
49 0 0000000000000000000000000 0000000000000000000000000 0000000000000000000000000 0000000000000000000000000 1011000111000111100100001 0000000000000000000000000 
49 0 0000000000000000000000000 0000000000000000000000000 0000000000000000000000000 0000000000000000000000000 1011000111001011000100001 0000000000000000000000000 
49 0 0000000000000000000000000 0000000000000000000000000 0000000000000000000000000 0000000000000000000000000 1011000111001011000100001 0000000000000000000000000 
49 0 0000000000000000000000000 0000000000000000000000000 0000000000000000000000000 0000000000000000000000000 1011000111001011011100001 0000000000000000000000000 
49 0 0000000000000000000000000 0000000000000000000000000 0000000000000000000000000 0000000000000000000000000 1011000111001011011100001 0000000000000000000000000 
49 0 0000000000000000000000000 0000000000000000000000000 0000000000000000000000000 0000000000000000000000000 1011000111001100011000001 0000000000000000000000000 
49 0 0000000000000000000000000 0000000000000000000000000 0000000000000000000000000 0000000000000000000000000 1011000111001110000100001 0000000000000000000000000 
49 0 0000000000000000000000000 0000000000000000000000000 0000000000000000000000000 0000000000000000000000000 1011001001101011101100001 0000000000000000000000000 
49 1 0000000000000000000000000 0000000000000000000000000 0000000000000000000000000 0000000000000000000000000 0000000000000000000000000 0000000000000000000000000 
