entry moduleId genCharge genPdgId genVx genVy genVz genCotTheta genD0 genDz genInvPt genPt genPhi genEta stubPhi stubEta stubR stubX stubY stubZ stubLocalPhi stubLocalZ 
17 50333 -1 13 5.55163e-05 -0.000892369 -2.17912 0.40725 0.000494237 -2.17882 -0.323485 3.09134 1.04723 0.396758 1.09129 0.308759 23.2981 10.7485 20.6706 7.30836 681.5 23
17 60430 -1 13 5.55163e-05 -0.000892369 -2.17912 0.40725 0.000494237 -2.17882 -0.323485 3.09134 1.04723 0.396758 1.11298 0.336042 34.8344 15.3963 31.2472 11.9274 250.5 25
17 70631 -1 13 5.55163e-05 -0.000892369 -2.17912 0.40725 0.000494237 -2.17882 -0.323485 3.09134 1.04723 0.396758 1.1418 0.354109 49.8493 20.7351 45.3322 18.0233 315 24
17 80914 -1 13 5.55163e-05 -0.000892369 -2.17912 0.40725 0.000494237 -2.17882 -0.323485 3.09134 1.04723 0.396758 1.17965 0.389707 69.6125 26.5397 64.3548 27.8204 495.5 0
17 91215 -1 13 5.55163e-05 -0.000892369 -2.17912 0.40725 0.000494237 -2.17882 -0.323485 3.09134 1.04723 0.396758 1.213 0.363461 87.1983 30.5375 81.6762 32.3956 537.5 1
17 101516 -1 13 5.55163e-05 -0.000892369 -2.17912 0.40725 0.000494237 -2.17882 -0.323485 3.09134 1.04723 0.396758 1.25426 0.380578 109.023 33.9363 103.607 42.5007 336 1

19 50334 -1 13 0.00196784 0.000133432 5.68688 0.294176 0.00183067 5.68666 -0.169041 5.91572 1.25715 0.29009 1.2802 0.510245 23.9395 6.85926 22.9358 12.752 235.5 17
19 60531 -1 13 0.00196784 0.000133432 5.68688 0.294176 0.00183067 5.68666 -0.169041 5.91572 1.25715 0.29009 1.29242 0.435707 36.2004 9.94761 34.8068 16.2766 539.5 23
19 70731 -1 13 0.00196784 0.000133432 5.68688 0.294176 0.00183067 5.68666 -0.169041 5.91572 1.25715 0.29009 1.30786 0.393031 51.8679 13.4811 50.0853 20.9146 405.5 4
19 81014 -1 13 0.00196784 0.000133432 5.68688 0.294176 0.00183067 5.68666 -0.169041 5.91572 1.25715 0.29009 1.32331 0.400625 67.6191 16.5648 65.5588 27.8204 400 0
19 91315 -1 13 0.00196784 0.000133432 5.68688 0.294176 0.00183067 5.68666 -0.169041 5.91572 1.25715 0.29009 1.34448 0.355518 89.2307 20.0227 86.9552 32.3956 239.5 1
19 101615 -1 13 0.00196784 0.000133432 5.68688 0.294176 0.00183067 5.68666 -0.169041 5.91572 1.25715 0.29009 1.36128 0.344553 106.487 22.1475 104.158 37.4206 52 0

21 50333 -1 13 -0.00291459 0.00111733 -4.65312 0.470276 -0.00312139 -4.65312 -0.0781631 12.7938 1.20892 0.454469 1.21943 0.267831 23.2302 7.99531 21.811 6.29642 383.5 30
21 60530 -1 13 -0.00291459 0.00111733 -4.65312 0.470276 -0.00312139 -4.65312 -0.0781631 12.7938 1.20892 0.454469 1.22536 0.336186 36.9289 12.5044 34.7474 12.6502 788 20
21 70731 -1 13 -0.00291459 0.00111733 -4.65312 0.470276 -0.00312139 -4.65312 -0.0781631 12.7938 1.20892 0.454469 1.23217 0.371637 51.9606 17.2611 49.0098 19.7581 798.5 12
21 80914 -1 13 -0.00291459 0.00111733 -4.65312 0.470276 -0.00312139 -4.65312 -0.0781631 12.7938 1.20892 0.454469 1.24014 0.388994 69.7466 22.6442 65.9684 27.8204 27 0
21 91215 -1 13 -0.00291459 0.00111733 -4.65312 0.470276 -0.00312139 -4.65312 -0.0781631 12.7938 1.20892 0.454469 1.24803 0.416757 87.2424 27.6722 82.7374 37.4206 198 0
21 101516 -1 13 -0.00291459 0.00111733 -4.65312 0.470276 -0.00312139 -4.65312 -0.0781631 12.7938 1.20892 0.454469 1.25777 0.423157 109.029 33.5746 103.731 47.5257 293.5 0

49 50333 -1 13 0.000183257 -0.000106712 1.56342 0.359143 0.000212049 1.56342 -0.305496 3.27336 1.05473 0.351839 1.09535 0.419333 23.2901 10.6607 20.7069 10.055 672 4
49 60430 -1 13 0.000183257 -0.000106712 1.56342 0.359143 0.000212049 1.56342 -0.305496 3.27336 1.05473 0.351839 1.11513 0.398141 34.8394 15.3313 31.2847 14.2404 243 9
49 70631 -1 13 0.000183257 -0.000106712 1.56342 0.359143 0.000212049 1.56342 -0.305496 3.27336 1.05473 0.351839 1.1411 0.383961 49.8482 20.7665 45.3166 19.6135 318.5 13
49 80914 -1 13 0.000183257 -0.000106712 1.56342 0.359143 0.000212049 1.56342 -0.305496 3.27336 1.05473 0.351839 1.17558 0.389707 69.6126 26.8017 64.2463 27.8204 527 0
49 91215 -1 13 0.000183257 -0.000106712 1.56342 0.359143 0.000212049 1.56342 -0.305496 3.27336 1.05473 0.351839 1.20619 0.363445 87.2022 31.0945 81.4699 32.3956 603.5 1
49 101516 -1 13 0.000183257 -0.000106712 1.56342 0.359143 0.000212049 1.56342 -0.305496 3.27336 1.05473 0.351839 1.2446 0.380611 109.013 34.9323 103.265 42.5007 453 1

51 50334 -1 13 0.00154183 0.00026115 7.80244 0.27756 0.0012755 7.80218 -0.127689 7.83151 1.12163 0.274114 1.13865 0.57034 23.8333 9.98198 21.6423 14.3421 573.5 6
51 60431 -1 13 0.00154183 0.00026115 7.80244 0.27756 0.0012755 7.80218 -0.127689 7.83151 1.12163 0.274114 1.14627 0.48452 34.3229 14.1371 31.2763 17.2885 140 16
51 70632 -1 13 0.00154183 0.00026115 7.80244 0.27756 0.0012755 7.80218 -0.127689 7.83151 1.12163 0.274114 1.15722 0.422002 49.2756 19.8033 45.1211 21.4171 241 29
51 80914 -1 13 0.00154183 0.00026115 7.80244 0.27756 0.0012755 7.80218 -0.127689 7.83151 1.12163 0.274114 1.17215 0.389701 69.6136 27.022 64.155 27.8204 553.5 0
51 91215 -1 13 0.00154183 0.00026115 7.80244 0.27756 0.0012755 7.80218 -0.127689 7.83151 1.12163 0.274114 1.18504 0.363295 87.24 32.8247 80.8292 32.3956 808.5 1
51 101415 -1 13 0.00154183 0.00026115 7.80244 0.27756 0.0012755 7.80218 -0.127689 7.83151 1.12163 0.274114 1.1991 0.344511 106.5 38.6802 99.2278 37.4206 14.5 0
51 101515 -1 13 0.00154183 0.00026115 7.80244 0.27756 0.0012755 7.80218 -0.127689 7.83151 1.12163 0.274114 1.20056 0.338417 108.493 39.2561 101.141 37.4206 984 0

55 50334 -1 13 0.00159256 0.000408621 4.61242 0.31773 0.00116082 4.61205 -0.173122 5.77626 1.03505 0.312614 1.05858 0.487942 23.9859 11.7558 20.9075 12.1737 765.5 21
55 60431 -1 13 0.00159256 0.000408621 4.61242 0.31773 0.00116082 4.61205 -0.173122 5.77626 1.03505 0.312614 1.06886 0.437011 34.1626 16.4364 29.9487 15.4092 405.5 29
55 70631 -1 13 0.00159256 0.000408621 4.61242 0.31773 0.00116082 4.61205 -0.173122 5.77626 1.03505 0.312614 1.08462 0.400191 49.8368 23.2863 44.0619 20.4809 600 7
55 80814 -1 13 0.00159256 0.000408621 4.61242 0.31773 0.00116082 4.61205 -0.173122 5.77626 1.03505 0.312614 1.10252 0.400082 67.7158 30.5637 60.4259 27.8204 91.5 0
55 91115 -1 13 0.00159256 0.000408621 4.61242 0.31773 0.00116082 4.61205 -0.173122 5.77626 1.03505 0.312614 1.12409 0.355628 89.202 38.5349 80.4491 32.3956 415 1
55 101415 -1 13 0.00159256 0.000408621 4.61242 0.31773 0.00116082 4.61205 -0.173122 5.77626 1.03505 0.312614 1.14149 0.344757 106.421 44.2971 96.764 37.4206 696 0

66 50334 -1 13 0.00060931 0.000172979 3.06518 0.340568 0.000478557 3.06504 -0.18497 5.40628 1.13311 0.334306 1.15836 0.452951 23.8194 9.54775 21.8221 11.1618 526.5 28
66 60430 -1 13 0.00060931 0.000172979 3.06518 0.340568 0.000478557 3.06504 -0.18497 5.40628 1.13311 0.334306 1.17042 0.415187 35.0246 13.6513 32.2547 14.9632 49 4
66 70631 -1 13 0.00060931 0.000172979 3.06518 0.340568 0.000478557 3.06504 -0.18497 5.40628 1.13311 0.334306 1.18652 0.391112 49.9731 18.7344 46.3285 20.0472 91.5 10
66 80914 -1 13 0.00060931 0.000172979 3.06518 0.340568 0.000478557 3.06504 -0.18497 5.40628 1.13311 0.334306 1.2075 0.389547 69.6425 24.7479 65.097 27.8204 280 0
66 91215 -1 13 0.00060931 0.000172979 3.06518 0.340568 0.000478557 3.06504 -0.18497 5.40628 1.13311 0.334306 1.22627 0.363445 87.2024 29.453 82.0779 32.3956 409 1
66 101516 -1 13 0.00060931 0.000172979 3.06518 0.340568 0.000478557 3.06504 -0.18497 5.40628 1.13311 0.334306 1.24972 0.380598 109.017 34.4045 103.446 42.5007 391 1

81 50333 -1 13 0.000337791 -0.000609763 0.329069 0.425741 0.000527124 0.329264 -0.198079 5.04848 1.21921 0.413828 1.24542 0.425491 23.2631 7.43636 22.0425 10.1996 323 3
81 60531 -1 13 0.000337791 -0.000609763 0.329069 0.425741 0.000527124 0.329264 -0.198079 5.04848 1.21921 0.413828 1.26 0.42433 36.2389 11.0826 34.5027 15.8429 657 26
81 70732 -1 13 0.000337791 -0.000609763 0.329069 0.425741 0.000527124 0.329264 -0.198079 5.04848 1.21921 0.413828 1.27702 0.419461 51.2652 14.845 49.0688 22.1399 564.5 24
81 81014 -1 13 0.000337791 -0.000609763 0.329069 0.425741 0.000527124 0.329264 -0.198079 5.04848 1.21921 0.413828 1.29542 0.400629 67.6184 18.386 65.0708 27.8204 609.5 0
81 91315 -1 13 0.000337791 -0.000609763 0.329069 0.425741 0.000527124 0.329264 -0.198079 5.04848 1.21921 0.413828 1.31976 0.408099 89.1983 22.1573 86.4025 37.4206 484.5 0
81 101616 -1 13 0.000337791 -0.000609763 0.329069 0.425741 0.000527124 0.329264 -0.198079 5.04848 1.21921 0.413828 1.33993 0.430617 107.028 24.4901 104.188 47.5257 303.5 0

99 50334 -1 13 0.00247086 -0.000427084 7.03588 0.3032 0.00234237 7.03561 -0.324974 3.07717 1.03471 0.298737 1.07932 0.568226 23.9314 11.2939 21.0989 14.3421 715.5 6
99 60431 -1 13 0.00247086 -0.000427084 7.03588 0.3032 0.00234237 7.03561 -0.324974 3.07717 1.03471 0.298737 1.09912 0.489897 34.2007 15.5401 30.4663 17.4331 302 15
99 70632 -1 13 0.00247086 -0.000427084 7.03588 0.3032 0.00234237 7.03561 -0.324974 3.07717 1.03471 0.298737 1.12759 0.433148 49.2265 21.1102 44.4703 21.9954 387 25
99 80914 -1 13 0.00247086 -0.000427084 7.03588 0.3032 0.00234237 7.03561 -0.324974 3.07717 1.03471 0.298737 1.1664 0.389682 69.6172 27.392 64.0018 27.8204 598 0
99 91215 -1 13 0.00247086 -0.000427084 7.03588 0.3032 0.00234237 7.03561 -0.324974 3.07717 1.03471 0.298737 1.2 0.363417 87.2092 31.6009 81.2824 32.3956 663.5 1
99 101516 -1 13 0.00247086 -0.000427084 7.03588 0.3032 0.00234237 7.03561 -0.324974 3.07717 1.03471 0.298737 1.24188 0.380614 109.012 35.2132 103.168 42.5007 486 1

107 50333 -1 13 0.000235574 -0.000557865 3.08993 0.292832 0.000447058 3.09005 -0.128494 7.78248 1.13988 0.288801 1.15699 0.414884 23.2156 9.33494 21.2561 9.91049 528.5 5
107 60430 -1 13 0.000235574 -0.000557865 3.08993 0.292832 0.000447058 3.09005 -0.128494 7.78248 1.13988 0.288801 1.1656 0.373309 35.0041 13.7985 32.1697 13.373 66 15
107 70631 -1 13 0.000235574 -0.000557865 3.08993 0.292832 0.000447058 3.09005 -0.128494 7.78248 1.13988 0.288801 1.17653 0.348063 49.9367 19.182 46.1056 17.7342 141.5 26
107 80914 -1 13 0.000235574 -0.000557865 3.08993 0.292832 0.000447058 3.09005 -0.128494 7.78248 1.13988 0.288801 1.19103 0.321849 69.6182 25.808 64.6579 22.7954 407.5 1
107 91214 -1 13 0.000235574 -0.000557865 3.08993 0.292832 0.000447058 3.09005 -0.128494 7.78248 1.13988 0.288801 1.20442 0.311756 87.8083 31.4563 81.9805 27.8204 621.5 0
107 101515 -1 13 0.000235574 -0.000557865 3.08993 0.292832 0.000447058 3.09005 -0.128494 7.78248 1.13988 0.288801 1.2196 0.338604 108.431 37.3025 101.812 37.4206 754.5 0

126 50334 -1 13 0.000131524 -9.19455e-05 3.63991 0.382514 0.000158455 3.63992 -0.07556 13.2345 1.11956 0.373751 1.12985 0.512155 23.8426 10.176 21.5619 12.752 594.5 17
126 60431 -1 13 0.000131524 -9.19455e-05 3.63991 0.382514 0.000158455 3.63992 -0.07556 13.2345 1.11956 0.373751 1.13423 0.469916 34.2844 14.4965 31.0688 16.7103 181.5 20
126 70632 -1 13 0.000131524 -9.19455e-05 3.63991 0.382514 0.000158455 3.63992 -0.07556 13.2345 1.11956 0.373751 1.14069 0.44371 49.2428 20.5329 44.7578 22.5736 322.5 21
126 80915 -1 13 0.000131524 -9.19455e-05 3.63991 0.382514 0.000158455 3.63992 -0.07556 13.2345 1.11956 0.373751 1.14928 0.453542 69.0367 28.2458 62.9939 32.3956 728.5 1
126 91115 -1 13 0.000131524 -9.19455e-05 3.63991 0.382514 0.000158455 3.63992 -0.07556 13.2345 1.11956 0.373751 1.15812 0.407736 89.282 35.8078 81.7868 37.4206 77.5 0
126 101416 -1 13 0.000131524 -9.19455e-05 3.63991 0.382514 0.000158455 3.63992 -0.07556 13.2345 1.11956 0.373751 1.16575 0.387382 107.016 42.1704 98.3568 42.5007 408.5 1

131 50333 -1 13 -0.000707083 -0.00021383 -2.71056 0.422915 -0.000603087 -2.71038 -0.00619999 161.291 1.24883 0.411227 1.2495 0.303193 23.2697 7.3486 22.0789 7.1638 313.5 24
131 60530 -1 13 -0.000707083 -0.00021383 -2.71056 0.422915 -0.000603087 -2.71038 -0.00619999 161.291 1.24883 0.411227 1.2501 0.344169 36.8637 11.6205 34.9842 12.9393 696.5 18
131 70731 -1 13 -0.000707083 -0.00021383 -2.71056 0.422915 -0.000603087 -2.71038 -0.00619999 161.291 1.24883 0.411227 1.25063 0.36155 51.9105 16.3377 49.2725 19.1798 702.5 16
131 81014 -1 13 -0.000707083 -0.00021383 -2.71056 0.422915 -0.000603087 -2.71038 -0.00619999 161.291 1.24883 0.411227 1.25116 0.400028 67.7254 21.2809 64.2951 27.8204 942.5 0
131 91215 -1 13 -0.000707083 -0.00021383 -2.71056 0.422915 -0.000603087 -2.71038 -0.00619999 161.291 1.24883 0.411227 1.25185 0.36324 87.2536 27.3599 82.8531 32.3956 161 1
131 101516 -1 13 -0.000707083 -0.00021383 -2.71056 0.422915 -0.000603087 -2.71038 -0.00619999 161.291 1.24883 0.411227 1.25265 0.380586 109.021 34.1023 103.55 42.5007 355.5 1

134 50334 -1 13 6.65001e-05 -0.000623389 7.68993 0.251456 0.000367341 7.69006 -0.107248 9.32419 1.05103 0.248879 1.06562 0.546666 23.9662 11.5988 20.9726 13.7639 748.5 10
134 60431 -1 13 6.65001e-05 -0.000623389 7.68993 0.251456 0.000367341 7.69006 -0.107248 9.32419 1.05103 0.248879 1.07208 0.460012 34.1652 16.3412 30.0037 16.2766 394.5 23
134 70631 -1 13 6.65001e-05 -0.000623389 7.68993 0.251456 0.000367341 7.69006 -0.107248 9.32419 1.05103 0.248879 1.08181 0.394793 49.8404 23.4117 43.9995 20.1918 614 9
134 80814 -1 13 6.65001e-05 -0.000623389 7.68993 0.251456 0.000367341 7.69006 -0.107248 9.32419 1.05103 0.248879 1.09276 0.330737 67.6824 31.1366 60.0951 22.7954 165 1
134 91114 -1 13 6.65001e-05 -0.000623389 7.68993 0.251456 0.000367341 7.69006 -0.107248 9.32419 1.05103 0.248879 1.10639 0.305032 89.8056 40.2232 80.2941 27.8204 591 0
134 91115 -1 13 6.65001e-05 -0.000623389 7.68993 0.251456 0.000367341 7.69006 -0.107248 9.32419 1.05103 0.248879 1.10603 0.35563 89.2015 39.9813 79.7396 32.3956 594 1
134 101415 -1 13 6.65001e-05 -0.000623389 7.68993 0.251456 0.000367341 7.69006 -0.107248 9.32419 1.05103 0.248879 1.11673 0.299689 106.496 46.712 95.7047 32.3956 989 1

137 50334 -1 13 0.000934531 -0.000237874 1.81909 0.382635 0.00093319 1.819 -0.0116961 85.4989 1.06673 0.373864 1.06811 0.444992 23.9596 11.5433 20.9955 11.0172 742.5 29
137 60430 -1 13 0.000934531 -0.000237874 1.81909 0.382635 0.00093319 1.819 -0.0116961 85.4989 1.06673 0.373864 1.06892 0.421911 34.7672 16.7257 30.4797 15.1077 404 3
137 70631 -1 13 0.000934531 -0.000237874 1.81909 0.382635 0.00093319 1.819 -0.0116961 85.4989 1.06673 0.373864 1.06998 0.40805 49.8598 23.9398 43.7365 20.9146 673 4
137 80814 -1 13 0.000934531 -0.000237874 1.81909 0.382635 0.00093319 1.819 -0.0116961 85.4989 1.06673 0.373864 1.07122 0.400554 67.6317 32.3992 59.3661 27.8204 327 0
137 91115 -1 13 0.000934531 -0.000237874 1.81909 0.382635 0.00093319 1.819 -0.0116961 85.4989 1.06673 0.373864 1.07266 0.407757 89.2772 42.6558 78.4277 37.4206 925 0
137 101316 -1 13 0.000934531 -0.000237874 1.81909 0.382635 0.00093319 1.819 -0.0116961 85.4989 1.06673 0.373864 1.07401 0.380614 109.012 51.9553 95.8348 42.5007 516.5 1

172 50334 -1 13 -0.00141001 0.000579765 7.41897 0.238188 -0.00152026 7.419 -0.247132 4.04643 1.10563 0.235991 1.13949 0.523022 23.8326 9.9635 21.6499 13.0411 571.5 15
172 60431 -1 13 -0.00141001 0.000579765 7.41897 0.238188 -0.00152026 7.419 -0.247132 4.04643 1.10563 0.235991 1.15438 0.438583 34.3517 13.8947 31.4163 15.5538 112 28
172 70631 -1 13 -0.00141001 0.000579765 7.41897 0.238188 -0.00152026 7.419 -0.247132 4.04643 1.10563 0.235991 1.17663 0.377915 49.9371 19.1775 46.1078 19.3244 141 15
172 80914 -1 13 -0.00141001 0.000579765 7.41897 0.238188 -0.00152026 7.419 -0.247132 4.04643 1.10563 0.235991 1.20485 0.321764 69.6373 24.9183 65.0264 22.7954 300.5 1
172 91214 -1 13 -0.00141001 0.000579765 7.41897 0.238188 -0.00152026 7.419 -0.247132 4.04643 1.10563 0.235991 1.23081 0.311744 87.8118 29.2831 82.7853 27.8204 364 0
172 101515 -1 13 -0.00141001 0.000579765 7.41897 0.238188 -0.00152026 7.419 -0.247132 4.04643 1.10563 0.235991 1.26048 0.294494 108.43 33.1102 103.251 32.3956 262 1

179 50334 -1 13 -0.000424267 0.000709465 4.96152 0.290279 -0.000682212 4.96138 -0.0599391 16.6836 1.13906 0.28635 1.14703 0.480139 23.8263 9.7972 21.7188 11.8846 553.5 23
179 60430 -1 13 -0.000424267 0.000709465 4.96152 0.290279 -0.000682212 4.96138 -0.0599391 16.6836 1.13906 0.28635 1.15083 0.419865 34.9465 14.2488 31.9097 15.1077 118 3
179 70631 -1 13 -0.000424267 0.000709465 4.96152 0.290279 -0.000682212 4.96138 -0.0599391 16.6836 1.13906 0.28635 1.15593 0.381046 49.8776 20.104 45.6465 19.4689 244.5 14
179 80914 -1 13 -0.000424267 0.000709465 4.96152 0.290279 -0.000682212 4.96138 -0.0599391 16.6836 1.13906 0.28635 1.16271 0.321838 69.6206 27.629 63.9036 22.7954 626.5 1
179 91215 -1 13 -0.000424267 0.000709465 4.96152 0.290279 -0.000682212 4.96138 -0.0599391 16.6836 1.13906 0.28635 1.16871 0.363072 87.2959 34.1624 80.3337 32.3956 967 1
179 101415 -1 13 -0.000424267 0.000709465 4.96152 0.290279 -0.000682212 4.96138 -0.0599391 16.6836 1.13906 0.28635 1.17527 0.344746 106.425 41.0045 98.2082 37.4206 296.5 0

190 50334 -1 13 0.000579078 0.000428831 4.3232 0.332069 0.000345765 4.32299 -0.0722737 13.8363 1.1379 0.32625 1.14766 0.49098 23.8258 9.78334 21.7246 12.1737 552 21
190 60431 -1 13 0.000579078 0.000428831 4.3232 0.332069 0.000345765 4.32299 -0.0722737 13.8363 1.1379 0.32625 1.15207 0.442516 34.3433 13.9639 31.3763 15.6983 120 27
190 70631 -1 13 0.000579078 0.000428831 4.3232 0.332069 0.000345765 4.32299 -0.0722737 13.8363 1.1379 0.32625 1.15873 0.407859 49.8844 19.9787 45.7089 20.9146 230.5 4
190 80914 -1 13 0.000579078 0.000428831 4.3232 0.332069 0.000345765 4.32299 -0.0722737 13.8363 1.1379 0.32625 1.16711 0.389685 69.6166 27.3463 64.0207 27.8204 592.5 0
190 91215 -1 13 0.000579078 0.000428831 4.3232 0.332069 0.000345765 4.32299 -0.0722737 13.8363 1.1379 0.32625 1.17443 0.36316 87.2737 33.694 80.5072 32.3956 911.5 1
190 101415 -1 13 0.000579078 0.000428831 4.3232 0.332069 0.000345765 4.32299 -0.0722737 13.8363 1.1379 0.32625 1.18242 0.344695 106.441 40.308 98.5137 37.4206 212 0

191 50334 -1 13 0.00322153 0.000161436 2.227 0.385049 0.00307673 2.22663 -0.0156347 63.9604 1.3159 0.376118 1.31785 0.459772 24.0493 6.01853 23.284 11.4509 144.5 26
191 60531 -1 13 0.00322153 0.000161436 2.227 0.385049 0.00307673 2.22663 -0.0156347 63.9604 1.3159 0.376118 1.31894 0.432098 36.1972 9.02033 35.0552 16.132 443.5 24
191 70732 -1 13 0.00322153 0.000161436 2.227 0.385049 0.00307673 2.22663 -0.0156347 63.9604 1.3159 0.376118 1.32032 0.416784 51.2765 12.7098 49.6764 21.9954 342.5 25
191 81014 -1 13 0.00322153 0.000161436 2.227 0.385049 0.00307673 2.22663 -0.0156347 63.9604 1.3159 0.376118 1.32191 0.400632 67.6178 16.6561 65.5343 27.8204 410.5 0
191 91315 -1 13 0.00322153 0.000161436 2.227 0.385049 0.00307673 2.22663 -0.0156347 63.9604 1.3159 0.376118 1.3238 0.408092 89.1999 21.8088 86.4928 37.4206 444.5 0
191 101616 -1 13 0.00322153 0.000161436 2.227 0.385049 0.00307673 2.22663 -0.0156347 63.9604 1.3159 0.376118 1.32547 0.387394 107.013 25.9908 103.808 42.5007 475.5 1

193 50332 -1 13 -0.000915665 -0.000646722 -7.61816 0.49461 -0.000407206 -7.61764 -0.262736 3.8061 0.98668 0.476386 1.02273 0.178372 24.1051 12.5596 20.5746 4.32252 852.5 16
193 60429 -1 13 -0.000915665 -0.000646722 -7.61816 0.49461 -0.000407206 -7.61764 -0.262736 3.8061 0.98668 0.476386 1.03841 0.266801 34.1559 17.3371 29.4288 9.22132 509.5 12
193 70630 -1 13 -0.000915665 -0.000646722 -7.61816 0.49461 -0.000407206 -7.61764 -0.262736 3.8061 0.98668 0.476386 1.06149 0.333733 49.2729 24.024 43.0194 16.751 712.5 1
193 70631 -1 13 -0.000915665 -0.000646722 -7.61816 0.49461 -0.000407206 -7.61764 -0.262736 3.8061 0.98668 0.476386 1.06247 0.334786 49.8757 24.2755 43.5693 17.0114 710.5 31
193 80814 -1 13 -0.000915665 -0.000646722 -7.61816 0.49461 -0.000407206 -7.61764 -0.262736 3.8061 0.98668 0.476386 1.08944 0.400325 67.6726 31.3314 59.9826 27.8204 190 0
193 91115 -1 13 -0.000915665 -0.000646722 -7.61816 0.49461 -0.000407206 -7.61764 -0.262736 3.8061 0.98668 0.476386 1.12212 0.408089 89.2005 38.6925 80.3718 37.4206 434.5 0
193 101416 -1 13 -0.000915665 -0.000646722 -7.61816 0.49461 -0.000407206 -7.61764 -0.262736 3.8061 0.98668 0.476386 1.14927 0.430663 107.016 43.7858 97.6482 47.5257 604.5 0

210 50333 -1 13 -8.83929e-05 6.51419e-06 1.66617 0.280152 -8.07675e-05 1.66618 -0.263818 3.79049 1.07277 0.276611 1.10863 0.344538 23.2665 10.3743 20.8256 8.17574 641 17
210 60430 -1 13 -8.83929e-05 6.51419e-06 1.66617 0.280152 -8.07675e-05 1.66618 -0.263818 3.79049 1.07277 0.276611 1.12701 0.319981 34.87 14.9719 31.4922 11.3491 201.5 29
210 70630 -1 13 -8.83929e-05 6.51419e-06 1.66617 0.280152 -8.07675e-05 1.66618 -0.263818 3.79049 1.07277 0.276611 1.14931 0.308724 49.2582 20.1524 44.9472 15.4499 280 10
210 80914 -1 13 -8.83929e-05 6.51419e-06 1.66617 0.280152 -8.07675e-05 1.66618 -0.263818 3.79049 1.07277 0.276611 1.18036 0.321874 69.6126 26.494 64.3737 22.7954 490 1
210 91214 -1 13 -8.83929e-05 6.51419e-06 1.66617 0.280152 -8.07675e-05 1.66618 -0.263818 3.79049 1.07277 0.276611 1.20805 0.311767 87.8051 31.1567 82.0914 27.8204 586 0
210 101515 -1 13 -8.83929e-05 6.51419e-06 1.66617 0.280152 -8.07675e-05 1.66618 -0.263818 3.79049 1.07277 0.276611 1.23952 0.294553 108.408 35.2595 102.514 32.3956 514.5 1

215 50334 -1 13 0.00153016 0.000128651 3.23964 0.35136 0.00122284 3.23932 -0.144448 6.92292 1.00512 0.344505 1.02437 0.469696 24.099 12.5226 20.5899 11.74 848.5 24
215 60431 -1 13 0.00153016 0.000128651 3.23964 0.35136 0.00122284 3.23932 -0.144448 6.92292 1.00512 0.344505 1.03256 0.433203 34.1583 17.5103 29.3288 15.2646 529.5 30
215 70631 -1 13 0.00153016 0.000128651 3.23964 0.35136 0.00122284 3.23932 -0.144448 6.92292 1.00512 0.344505 1.04556 0.404895 49.922 25.0319 43.1927 20.77 795 5
215 80814 -1 13 0.00153016 0.000128651 3.23964 0.35136 0.00122284 3.23932 -0.144448 6.92292 1.00512 0.344505 1.06024 0.400632 67.618 33.0423 58.9949 27.8204 409.5 0
215 91115 -1 13 0.00153016 0.000128651 3.23964 0.35136 0.00122284 3.23932 -0.144448 6.92292 1.00512 0.344505 1.07825 0.355415 89.2576 42.2074 78.6477 32.3956 869.5 1
215 101316 -1 13 0.00153016 0.000128651 3.23964 0.35136 0.00122284 3.23932 -0.144448 6.92292 1.00512 0.344505 1.09477 0.380542 109.034 49.9646 96.9121 42.5007 265 1

216 50333 -1 13 -0.000246692 0.000478273 0.684409 0.293802 -0.000474715 0.684334 -0.283062 3.5328 0.966637 0.289731 1.00409 0.31705 23.5663 12.6517 19.8823 7.59749 887.5 21
216 60429 -1 13 -0.000246692 0.000478273 0.684409 0.293802 -0.000474715 0.684334 -0.283062 3.5328 0.966637 0.289731 1.021 0.307345 34.1663 17.8524 29.1313 10.6669 569 2
216 70630 -1 13 -0.000246692 0.000478273 0.684409 0.293802 -0.000474715 0.684334 -0.283062 3.5328 0.966637 0.289731 1.04569 0.302774 49.316 24.7222 42.6717 15.1608 790.5 12
216 80814 -1 13 -0.000246692 0.000478273 0.684409 0.293802 -0.000474715 0.684334 -0.283062 3.5328 0.966637 0.289731 1.07568 0.330939 67.6396 32.1381 59.5169 22.7954 293.5 1
216 91114 -1 13 -0.000246692 0.000478273 0.684409 0.293802 -0.000474715 0.684334 -0.283062 3.5328 0.966637 0.289731 1.112 0.305041 89.8028 39.7707 80.5161 27.8204 535 0
216 101415 -1 13 -0.000246692 0.000478273 0.684409 0.293802 -0.000474715 0.684334 -0.283062 3.5328 0.966637 0.289731 1.1395 0.299884 106.425 44.4908 96.679 32.3956 719.5 1

235 50332 -1 13 -0.000577303 -0.000104261 -5.61963 0.40782 -0.000509248 -5.61951 -0.0335425 29.8129 1.22998 0.397287 1.23451 0.174273 23.8528 7.87091 22.5167 4.17796 345 17
235 60529 -1 13 -0.000577303 -0.000104261 -5.61963 0.40782 -0.000509248 -5.61951 -0.0335425 29.8129 1.22998 0.397287 1.23688 0.251445 36.2897 11.894 34.2853 9.22132 741 12
235 70730 -1 13 -0.000577303 -0.000104261 -5.61963 0.40782 -0.000509248 -5.61951 -0.0335425 29.8129 1.22998 0.397287 1.2398 0.293911 51.3325 16.6821 48.5461 15.3053 755.5 11
235 81014 -1 13 -0.000577303 -0.000104261 -5.61963 0.40782 -0.000509248 -5.61951 -0.0335425 29.8129 1.22998 0.397287 1.24307 0.330374 67.7594 21.8112 64.153 22.7954 1003.5 1
235 91214 -1 13 -0.000577303 -0.000104261 -5.61963 0.40782 -0.000509248 -5.61951 -0.0335425 29.8129 1.22998 0.397287 1.24694 0.311633 87.8441 27.9538 83.2776 27.8204 206.5 0
235 91215 -1 13 -0.000577303 -0.000104261 -5.61963 0.40782 -0.000509248 -5.61951 -0.0335425 29.8129 1.22998 0.397287 1.2468 0.363299 87.239 27.7735 82.6999 32.3956 210 1
235 101515 -1 13 -0.000577303 -0.000104261 -5.61963 0.40782 -0.000509248 -5.61951 -0.0335425 29.8129 1.22998 0.397287 1.25089 0.338653 108.414 34.0933 102.914 37.4206 377.5 0

236 50334 -1 13 4.65404e-05 -0.000202002 5.17285 0.361098 0.000140405 5.17291 -0.109577 9.12601 1.05312 0.353678 1.06811 0.546804 23.9596 11.5433 20.9955 13.7639 742.5 10
236 60431 -1 13 4.65404e-05 -0.000202002 5.17285 0.361098 0.000140405 5.17291 -0.109577 9.12601 1.05312 0.353678 1.07442 0.490341 34.1673 16.2719 30.0438 17.4331 386.5 15
236 70632 -1 13 4.65404e-05 -0.000202002 5.17285 0.361098 0.000140405 5.17291 -0.109577 9.12601 1.05312 0.353678 1.08391 0.450457 49.233 23.0348 43.5119 22.935 602 18.5
236 80814 -1 13 4.65404e-05 -0.000202002 5.17285 0.361098 0.000140405 5.17291 -0.109577 9.12601 1.05312 0.353678 1.09548 0.40022 67.6911 30.9768 60.1874 27.8204 144.5 0
236 91115 -1 13 4.65404e-05 -0.000202002 5.17285 0.361098 0.000140405 5.17291 -0.109577 9.12601 1.05312 0.353678 1.10901 0.408093 89.1996 39.7429 79.8565 37.4206 564.5 0
236 101416 -1 13 4.65404e-05 -0.000202002 5.17285 0.361098 0.000140405 5.17291 -0.109577 9.12601 1.05312 0.353678 1.12031 0.387141 107.086 46.6251 96.4028 42.5007 949 1

237 50334 -1 13 -0.000391434 0.000819918 3.69098 0.318301 -0.000685577 3.69079 -0.085593 11.6832 1.1612 0.313157 1.17264 0.458518 23.8152 9.23363 21.9523 11.3063 492.5 27
237 60430 -1 13 -0.000391434 0.000819918 3.69098 0.318301 -0.000685577 3.69079 -0.085593 11.6832 1.1612 0.313157 1.17821 0.411002 35.0594 13.4131 32.3922 14.8186 21.5 5
237 70631 -1 13 -0.000391434 0.000819918 3.69098 0.318301 -0.000685577 3.69079 -0.085593 11.6832 1.1612 0.313157 1.18562 0.383071 49.9696 18.7747 46.3084 19.6135 96 13
237 80914 -1 13 -0.000391434 0.000819918 3.69098 0.318301 -0.000685577 3.69079 -0.085593 11.6832 1.1612 0.313157 1.19536 0.389652 69.6228 25.5295 64.7733 27.8204 374 0
237 91215 -1 13 -0.000391434 0.000819918 3.69098 0.318301 -0.000685577 3.69079 -0.085593 11.6832 1.1612 0.313157 1.20403 0.363437 87.2043 31.2717 81.4043 32.3956 624.5 1
237 101515 -1 13 -0.000391434 0.000819918 3.69098 0.318301 -0.000685577 3.69079 -0.085593 11.6832 1.1612 0.313157 1.21437 0.338564 108.444 37.8388 101.628 37.4206 817.5 0

238 50333 -1 13 -0.000211048 -0.000413996 3.58707 0.261827 -7.74232e-05 3.58719 -0.0155456 64.327 1.26675 0.258925 1.26876 0.401917 23.3061 6.93285 22.2511 9.62136 268.5 7
238 60530 -1 13 -0.000211048 -0.000413996 3.58707 0.261827 -7.74232e-05 3.58719 -0.0155456 64.327 1.26675 0.258925 1.26989 0.351888 36.828 10.9154 35.1732 13.2284 623.5 16
238 70731 -1 13 -0.000211048 -0.000413996 3.58707 0.261827 -7.74232e-05 3.58719 -0.0155456 64.327 1.26675 0.258925 1.27133 0.324964 51.8755 15.3038 49.5667 17.1559 595 30
238 81014 -1 13 -0.000211048 -0.000413996 3.58707 0.261827 -7.74232e-05 3.58719 -0.0155456 64.327 1.26675 0.258925 1.27267 0.330857 67.6568 19.8726 64.6725 22.7954 780.5 1
238 91314 -1 13 -0.000211048 -0.000413996 3.58707 0.261827 -7.74232e-05 3.58719 -0.0155456 64.327 1.26675 0.258925 1.27467 0.304772 89.8847 26.2295 85.9725 27.8204 934.5 0
238 101515 -1 13 -0.000211048 -0.000413996 3.58707 0.261827 -7.74232e-05 3.58719 -0.0155456 64.327 1.26675 0.258925 1.27632 0.294365 108.479 31.4843 103.81 32.3956 71 1

241 50333 -1 13 -0.00015748 -0.000334932 -3.4597 0.477786 -1.68618e-05 -3.45953 -0.280283 3.56783 1.17686 0.461255 1.21384 0.321552 23.2252 8.11542 21.7612 7.59749 396.5 21
241 60530 -1 13 -0.00015748 -0.000334932 -3.4597 0.477786 -1.68618e-05 -3.45953 -0.280283 3.56783 1.17686 0.461255 1.2363 0.373298 36.8973 12.1132 34.8522 14.0958 747.5 10
241 70731 -1 13 -0.00015748 -0.000334932 -3.4597 0.477786 -1.68618e-05 -3.45953 -0.280283 3.56783 1.17686 0.461255 1.26044 0.400604 51.8911 15.8472 49.4121 21.3483 651.5 1
241 81014 -1 13 -0.00015748 -0.000334932 -3.4597 0.477786 -1.68618e-05 -3.45953 -0.280283 3.56783 1.17686 0.461255 1.28737 0.400575 67.628 18.912 64.9298 27.8204 670 0
241 91315 -1 13 -0.00015748 -0.000334932 -3.4597 0.477786 -1.68618e-05 -3.45953 -0.280283 3.56783 1.17686 0.461255 1.3236 0.408093 89.1998 21.8263 86.4883 37.4206 446.5 0
241 101616 -1 13 -0.00015748 -0.000334932 -3.4597 0.477786 -1.68618e-05 -3.45953 -0.280283 3.56783 1.17686 0.461255 1.35342 0.430486 107.062 23.0898 104.543 47.5257 143 0

244 50334 -1 13 0.00194173 -0.00010359 7.44141 0.235176 0.00182617 7.44125 -0.0709715 14.0902 1.16684 0.23306 1.17621 0.523379 23.8148 9.1551 21.9848 13.0411 484 15
244 60431 -1 13 0.00194173 -0.00010359 7.44141 0.235176 0.00182617 7.44125 -0.0709715 14.0902 1.16684 0.23306 1.18064 0.437275 34.461 13.1066 31.8713 15.5538 21 28
244 70631 -1 13 0.00194173 -0.00010359 7.44141 0.235176 0.00182617 7.44125 -0.0709715 14.0902 1.16684 0.23306 1.18692 0.374944 49.9746 18.7165 46.3374 19.1798 89.5 16
244 80914 -1 13 0.00194173 -0.00010359 7.44141 0.235176 0.00182617 7.44125 -0.0709715 14.0902 1.16684 0.23306 1.1949 0.321831 69.6222 25.5586 64.7612 22.7954 377.5 1
244 91214 -1 13 0.00194173 -0.00010359 7.44141 0.235176 0.00182617 7.44125 -0.0709715 14.0902 1.16684 0.23306 1.20231 0.311748 87.8106 31.6293 81.9164 27.8204 642 0
244 101515 -1 13 0.00194173 -0.00010359 7.44141 0.235176 0.00182617 7.44125 -0.0709715 14.0902 1.16684 0.23306 1.21072 0.294429 108.455 38.2133 101.499 32.3956 861.5 1

245 50334 -1 13 0.00246512 -0.000482064 4.40667 0.26667 0.00234177 4.40642 -0.146057 6.84665 1.00762 0.263607 1.02725 0.437294 24.0884 12.458 20.6167 10.8726 841.5 30
245 60430 -1 13 0.00246512 -0.000482064 4.40667 0.26667 0.00234177 4.40642 -0.146057 6.84665 1.00762 0.263607 1.03627 0.383555 34.7611 17.7086 29.9122 13.6621 517.5 13
245 70631 -1 13 0.00246512 -0.000482064 4.40667 0.26667 0.00234177 4.40642 -0.146057 6.84665 1.00762 0.263607 1.04906 0.348234 49.9112 24.8753 43.2707 17.7342 777.5 26
245 80814 -1 13 0.00246512 -0.000482064 4.40667 0.26667 0.00234177 4.40642 -0.146057 6.84665 1.00762 0.263607 1.06384 0.331024 67.6216 32.8318 59.1164 22.7954 382.5 1
245 91114 -1 13 0.00246512 -0.000482064 4.40667 0.26667 0.00234177 4.40642 -0.146057 6.84665 1.00762 0.263607 1.08245 0.304888 89.8494 42.1544 79.3468 27.8204 830 0
245 101315 -1 13 0.00246512 -0.000482064 4.40667 0.26667 0.00234177 4.40642 -0.146057 6.84665 1.00762 0.263607 1.09796 0.294476 108.437 49.3841 96.5391 32.3956 228 1

249 50333 -1 13 0.00122486 -0.000141789 2.33962 0.265272 0.00112742 2.33949 -0.174742 5.72273 1.03865 0.262256 1.06144 0.354736 23.3692 11.3952 20.4027 8.46486 751.5 15
249 60430 -1 13 0.00122486 -0.000141789 2.33962 0.265272 0.00112742 2.33949 -0.174742 5.72273 1.03865 0.262256 1.07323 0.324814 34.7708 16.5957 30.5547 11.4937 389 28
249 70630 -1 13 0.00122486 -0.000141789 2.33962 0.265272 0.00112742 2.33949 -0.174742 5.72273 1.03865 0.262256 1.08808 0.308905 49.2284 22.8513 43.6033 15.4499 581.5 10
249 80814 -1 13 0.00122486 -0.000141789 2.33962 0.265272 0.00112742 2.33949 -0.174742 5.72273 1.03865 0.262256 1.10683 0.3305 67.7326 30.3104 60.5721 22.7954 59 1
249 91114 -1 13 0.00122486 -0.000141789 2.33962 0.265272 0.00112742 2.33949 -0.174742 5.72273 1.03865 0.262256 1.12924 0.305012 89.8119 38.3809 81.1978 27.8204 363 0
249 101415 -1 13 0.00122486 -0.000141789 2.33962 0.265272 0.00112742 2.33949 -0.174742 5.72273 1.03865 0.262256 1.1461 0.299912 106.415 43.8479 96.961 32.3956 641.5 1

257 50332 -1 13 -0.00165467 0.000602356 -5.22719 0.393725 -0.00175148 -5.22726 -0.0222474 44.949 1.32515 0.384203 1.32813 0.178517 24.0854 5.78756 23.3797 4.32252 119.5 16
257 60529 -1 13 -0.00165467 0.000602356 -5.22719 0.393725 -0.00175148 -5.22726 -0.0222474 44.949 1.32515 0.384203 1.32958 0.248163 36.2031 8.64844 35.1549 9.07676 405 13
257 70730 -1 13 -0.00165467 0.000602356 -5.22719 0.393725 -0.00175148 -5.22726 -0.0222474 44.949 1.32515 0.384203 1.33152 0.288714 51.2951 12.1567 49.8337 15.0162 285 13
257 81014 -1 13 -0.00165467 0.000602356 -5.22719 0.393725 -0.00175148 -5.22726 -0.0222474 44.949 1.32515 0.384203 1.33362 0.330971 67.6327 15.8911 65.7393 22.7954 322.5 1
257 91314 -1 13 -0.00165467 0.000602356 -5.22719 0.393725 -0.00175148 -5.22726 -0.0222474 44.949 1.32515 0.384203 1.33648 0.304989 89.8188 20.8538 87.3644 27.8204 317.5 0
257 91315 -1 13 -0.00165467 0.000602356 -5.22719 0.393725 -0.00175148 -5.22726 -0.0222474 44.949 1.32515 0.384203 1.33636 0.355581 89.2141 20.7241 86.7736 32.3956 320 1
257 101615 -1 13 -0.00165467 0.000602356 -5.22719 0.393725 -0.00175148 -5.22726 -0.0222474 44.949 1.32515 0.384203 1.33859 0.344757 106.421 24.4901 103.565 37.4206 320.5 0

259 50333 -1 13 -0.000353365 0.00105912 0.0696945 0.299772 -0.000885154 0.0694905 -0.284957 3.5093 0.977461 0.295454 1.01582 0.300068 23.5194 12.393 19.9894 7.1638 859.5 24
259 60429 -1 13 -0.000353365 0.00105912 0.0696945 0.299772 -0.000885154 0.0694905 -0.284957 3.5093 0.977461 0.295454 1.03314 0.295277 34.158 17.493 29.3388 10.2333 527.5 5
259 70630 -1 13 -0.000353365 0.00105912 0.0696945 0.299772 -0.000885154 0.0694905 -0.284957 3.5093 0.977461 0.295454 1.05764 0.297363 49.2823 24.1941 42.9347 14.8716 731.5 14
259 80814 -1 13 -0.000353365 0.00105912 0.0696945 0.299772 -0.000885154 0.0694905 -0.284957 3.5093 0.977461 0.295454 1.08758 0.330808 67.6674 31.4405 59.9196 22.7954 204 1
259 91114 -1 13 -0.000353365 0.00105912 0.0696945 0.299772 -0.000885154 0.0694905 -0.284957 3.5093 0.977461 0.295454 1.12388 0.30503 89.8062 38.8132 80.9858 27.8204 416.5 0
259 101415 -1 13 -0.000353365 0.00105912 0.0696945 0.299772 -0.000885154 0.0694905 -0.284957 3.5093 0.977461 0.295454 1.15138 0.299925 106.41 43.3328 97.1869 32.3956 579 1

266 50333 -1 13 -0.000437053 -4.15516e-05 -2.84703 0.417591 -0.000384142 -2.84694 -0.181999 5.49454 1.16021 0.406319 1.18456 0.292015 23.2109 8.74365 21.501 6.87467 464.5 26
266 60530 -1 13 -0.000437053 -4.15516e-05 -2.84703 0.417591 -0.000384142 -2.84694 -0.181999 5.49454 1.16021 0.406319 1.19965 0.335381 37.0209 13.4268 34.5002 12.6502 883.5 20
266 70731 -1 13 -0.000437053 -4.15516e-05 -2.84703 0.417591 -0.000384142 -2.84694 -0.181999 5.49454 1.16021 0.406319 1.21557 0.355595 52.0209 18.0931 48.7731 18.8907 885 18
266 80914 -1 13 -0.000437053 -4.15516e-05 -2.84703 0.417591 -0.000384142 -2.84694 -0.181999 5.49454 1.16021 0.406319 1.23421 0.389124 69.7221 23.0267 65.81 27.8204 73 0
266 91215 -1 13 -0.000437053 -4.15516e-05 -2.84703 0.417591 -0.000384142 -2.84694 -0.181999 5.49454 1.16021 0.406319 1.25272 0.363229 87.2564 27.2882 82.8797 32.3956 152.5 1
266 101516 -1 13 -0.000437053 -4.15516e-05 -2.84703 0.417591 -0.000384142 -2.84694 -0.181999 5.49454 1.16021 0.406319 1.27575 0.380384 109.082 31.7189 104.368 42.5007 75.5 1

267 50332 -1 13 0.000171825 -0.000910645 -2.43866 0.352812 0.000483491 -2.43838 -0.0857108 11.6671 1.20841 0.345874 1.21964 0.245588 23.8354 8.19889 22.3809 5.91271 380.5 5
267 60529 -1 13 0.000171825 -0.000910645 -2.43866 0.352812 0.000483491 -2.43838 -0.0857108 11.6671 1.20841 0.345874 1.22589 0.281975 36.3208 12.2803 34.1817 10.3778 781 4
267 70730 -1 13 0.000171825 -0.000910645 -2.43866 0.352812 0.000483491 -2.43838 -0.0857108 11.6671 1.20841 0.345874 1.23329 0.301889 51.3516 17.0043 48.4545 15.739 789 8
267 80914 -1 13 0.000171825 -0.000910645 -2.43866 0.352812 0.000483491 -2.43838 -0.0857108 11.6671 1.20841 0.345874 1.24239 0.321232 69.7565 22.4987 66.0287 22.7954 9.5 1
267 91214 -1 13 0.000171825 -0.000910645 -2.43866 0.352812 0.000483491 -2.43838 -0.0857108 11.6671 1.20841 0.345874 1.2513 0.31159 87.8567 27.5951 83.4105 27.8204 164 0
267 101515 -1 13 0.000171825 -0.000910645 -2.43866 0.352812 0.000483491 -2.43838 -0.0857108 11.6671 1.20841 0.345874 1.26148 0.338598 108.433 33.008 103.286 37.4206 250 0

268 50334 -1 13 0.000668626 0.000322735 0.891856 0.417134 0.000368128 0.891587 -0.329888 3.03133 0.968496 0.405896 1.01373 0.441865 24.1402 12.7629 20.4904 11.0172 874.5 29
268 60431 -1 13 0.000668626 0.000322735 0.891856 0.417134 0.000368128 0.891587 -0.329888 3.03133 0.968496 0.405896 1.03271 0.429337 34.1582 17.506 29.3313 15.1201 529 31
268 70632 -1 13 0.000668626 0.000322735 0.891856 0.417134 0.000368128 0.891587 -0.329888 3.03133 0.968496 0.405896 1.0618 0.422029 49.2722 24.0106 43.0261 21.4171 711 29
268 80814 -1 13 0.000668626 0.000322735 0.891856 0.417134 0.000368128 0.891587 -0.329888 3.03133 0.968496 0.405896 1.09661 0.400199 67.6948 30.9105 60.2256 27.8204 136 0
268 91115 -1 13 0.000668626 0.000322735 0.891856 0.417134 0.000368128 0.891587 -0.329888 3.03133 0.968496 0.405896 1.13751 0.408 89.2212 37.4602 80.9762 37.4206 282 0
268 101416 -1 13 0.000668626 0.000322735 0.891856 0.417134 0.000368128 0.891587 -0.329888 3.03133 0.968496 0.405896 1.17173 0.430635 107.023 41.5852 98.6135 47.5257 337.5 0

271 50333 -1 13 0.00050562 -0.00035493 1.5414 0.337412 0.000612926 1.54143 -0.273916 3.65076 1.08392 0.331317 1.12 0.391328 23.2496 10.1295 20.927 9.33224 614.5 9
271 60430 -1 13 0.00050562 -0.00035493 1.5414 0.337412 0.000612926 1.54143 -0.273916 3.65076 1.08392 0.331317 1.13815 0.37434 34.9032 14.6342 31.6872 13.373 162.5 15
271 70631 -1 13 0.00050562 -0.00035493 1.5414 0.337412 0.000612926 1.54143 -0.273916 3.65076 1.08392 0.331317 1.16124 0.360631 49.8908 19.8668 45.7646 18.3847 218 21.5
271 80914 -1 13 0.00050562 -0.00035493 1.5414 0.337412 0.000612926 1.54143 -0.273916 3.65076 1.08392 0.331317 1.1918 0.321846 69.6189 25.7581 64.6785 22.7954 401.5 1
271 91215 -1 13 0.00050562 -0.00035493 1.5414 0.337412 0.000612926 1.54143 -0.273916 3.65076 1.08392 0.331317 1.21915 0.363461 87.1983 30.0353 81.8622 32.3956 478 1
271 101515 -1 13 0.00050562 -0.00035493 1.5414 0.337412 0.000612926 1.54143 -0.273916 3.65076 1.08392 0.331317 1.25239 0.338648 108.416 33.9401 102.966 37.4206 359.5 0

274 50332 -1 13 -0.00318061 -0.00028904 -4.91125 0.404884 -0.00290857 -4.91072 -0.0205636 48.6296 1.23564 0.394566 1.23849 0.198055 23.8583 7.78314 22.5531 4.75621 335.5 13
274 60529 -1 13 -0.00318061 -0.00028904 -4.91125 0.404884 -0.00290857 -4.91072 -0.0205636 48.6296 1.23564 0.394566 1.23976 0.266912 36.2823 11.7925 34.3124 9.79957 730.5 8
274 70730 -1 13 -0.00318061 -0.00028904 -4.91125 0.404884 -0.00290857 -4.91072 -0.0205636 48.6296 1.23564 0.394566 1.24155 0.304717 51.3277 16.5955 48.5708 15.8836 746.5 7
274 81014 -1 13 -0.00318061 -0.00028904 -4.91125 0.404884 -0.00290857 -4.91072 -0.0205636 48.6296 1.23564 0.394566 1.24347 0.330382 67.7576 21.7851 64.16 22.7954 1000.5 1
274 91215 -1 13 -0.00318061 -0.00028904 -4.91125 0.404884 -0.00290857 -4.91072 -0.0205636 48.6296 1.23564 0.394566 1.24577 0.363309 87.2363 27.8579 82.6687 32.3956 220 1
274 101515 -1 13 -0.00318061 -0.00028904 -4.91125 0.404884 -0.00290857 -4.91072 -0.0205636 48.6296 1.23564 0.394566 1.24824 0.338661 108.411 34.3657 102.82 37.4206 409.5 0

278 50333 -1 13 -0.000346709 -0.000503822 -4.13055 0.482654 -0.000102538 -4.13026 -0.0284604 35.1365 1.13652 0.465644 1.13999 0.297778 23.2273 9.69987 21.1049 7.01924 568 25
278 60430 -1 13 -0.000346709 -0.000503822 -4.13055 0.482654 -0.000102538 -4.13026 -0.0284604 35.1365 1.13652 0.465644 1.142 0.356759 34.9158 14.5173 31.7547 12.7225 149 19.5
278 70631 -1 13 -0.000346709 -0.000503822 -4.13055 0.482654 -0.000102538 -4.13026 -0.0284604 35.1365 1.13652 0.465644 1.14441 0.389311 49.8538 20.6188 45.3902 19.9026 302 11
278 80914 -1 13 -0.000346709 -0.000503822 -4.13055 0.482654 -0.000102538 -4.13026 -0.0284604 35.1365 1.13652 0.465644 1.14766 0.389536 69.6447 28.5977 63.5024 27.8204 743 0
278 91115 -1 13 -0.000346709 -0.000503822 -4.13055 0.482654 -0.000102538 -4.13026 -0.0284604 35.1365 1.13652 0.465644 1.15086 0.407848 89.2563 36.3896 81.5014 37.4206 149.5 0
278 101416 -1 13 -0.000346709 -0.000503822 -4.13055 0.482654 -0.000102538 -4.13026 -0.0284604 35.1365 1.13652 0.465644 1.15377 0.430674 107.013 43.3448 97.8417 47.5257 551 0

279 50334 -1 13 4.1478e-05 -6.47061e-05 4.33173 0.303352 6.63425e-05 4.33174 -0.0102831 97.2472 1.09932 0.298882 1.10057 0.46815 23.8865 10.8227 21.294 11.5955 664.5 25
279 60430 -1 13 4.1478e-05 -6.47061e-05 4.33173 0.303352 6.63425e-05 4.33174 -0.0102831 97.2472 1.09932 0.298882 1.10128 0.416337 34.8099 15.7499 31.043 14.915 291.333 4.33333
279 70631 -1 13 4.1478e-05 -6.47061e-05 4.33173 0.303352 6.63425e-05 4.33174 -0.0102831 97.2472 1.09932 0.298882 1.10217 0.381443 49.8233 22.5031 44.4519 19.4689 512.5 14
279 80814 -1 13 4.1478e-05 -6.47061e-05 4.33173 0.303352 6.63425e-05 4.33174 -0.0102831 97.2472 1.09932 0.298882 1.10325 0.330566 67.7185 30.5208 60.4506 22.7954 86 1
279 91115 -1 13 4.1478e-05 -6.47061e-05 4.33173 0.303352 6.63425e-05 4.33174 -0.0102831 97.2472 1.09932 0.298882 1.10457 0.355625 89.2027 40.0984 79.6821 32.3956 608.5 1
279 101315 -1 13 4.1478e-05 -6.47061e-05 4.33173 0.303352 6.63425e-05 4.33174 -0.0102831 97.2472 1.09932 0.298882 1.10567 0.338516 108.46 48.648 96.9374 37.4206 135 0

280 50332 -1 13 -0.00120269 -0.000268462 -6.33815 0.43162 -0.00083389 -6.33776 -0.289555 3.45358 0.962892 0.419231 1.00272 0.171896 24.1858 13.0123 20.3871 4.17796 901.5 17
280 60429 -1 13 -0.00120269 -0.000268462 -6.33815 0.43162 -0.00083389 -6.33776 -0.289555 3.45358 0.962892 0.419231 1.01939 0.246233 34.1678 17.9 29.1038 8.49851 574.5 17
280 70630 -1 13 -0.00120269 -0.000268462 -6.33815 0.43162 -0.00083389 -6.33776 -0.289555 3.45358 0.962892 0.419231 1.04458 0.29995 49.3195 24.7715 42.6472 15.0162 796 13
280 80814 -1 13 -0.00120269 -0.000268462 -6.33815 0.43162 -0.00083389 -6.33776 -0.289555 3.45358 0.962892 0.419231 1.07514 0.330943 67.6386 32.1693 59.4989 22.7954 297.5 1
280 91115 -1 13 -0.00120269 -0.000268462 -6.33815 0.43162 -0.00083389 -6.33776 -0.289555 3.45358 0.962892 0.419231 1.11118 0.35564 89.1987 39.5692 79.9417 32.3956 543 1
280 101415 -1 13 -0.00120269 -0.000268462 -6.33815 0.43162 -0.00083389 -6.33776 -0.289555 3.45358 0.962892 0.419231 1.14001 0.344749 106.424 44.4414 96.7007 37.4206 713.5 0
280 101416 -1 13 -0.00120269 -0.000268462 -6.33815 0.43162 -0.00083389 -6.33776 -0.289555 3.45358 0.962892 0.419231 1.14103 0.387345 107.027 44.5935 97.2939 42.5007 702.5 1

288 50334 -1 13 -0.00252558 0.000757441 4.32784 0.30818 -0.00257223 4.32802 -0.114644 8.72266 1.0578 0.303499 1.0735 0.472499 23.9457 11.4232 21.0453 11.74 729.5 24
288 60430 -1 13 -0.00252558 0.000757441 4.32784 0.30818 -0.00257223 4.32802 -0.114644 8.72266 1.0578 0.303499 1.08041 0.421785 34.7782 16.3792 30.6797 15.1077 364 3
288 70631 -1 13 -0.00252558 0.000757441 4.32784 0.30818 -0.00257223 4.32802 -0.114644 8.72266 1.0578 0.303499 1.09033 0.384089 49.8307 23.0312 44.1889 19.6135 571.5 13
288 80814 -1 13 -0.00252558 0.000757441 4.32784 0.30818 -0.00257223 4.32802 -0.114644 8.72266 1.0578 0.303499 1.10185 0.330591 67.7133 30.6027 60.4034 22.7954 96.5 1
288 91115 -1 13 -0.00252558 0.000757441 4.32784 0.30818 -0.00257223 4.32802 -0.114644 8.72266 1.0578 0.303499 1.11587 0.355642 89.1982 39.1934 80.1261 32.3956 496.5 1
288 101415 -1 13 -0.00252558 0.000757441 4.32784 0.30818 -0.00257223 4.32802 -0.114644 8.72266 1.0578 0.303499 1.12716 0.344647 106.457 45.6941 96.1512 37.4206 865.5 0

291 50333 -1 13 0.000276205 3.35647e-05 0.268889 0.38719 0.000212174 0.268819 -0.211499 4.72816 0.988199 0.378116 1.01708 0.387128 23.5146 12.3653 20.0009 9.33224 856.5 9
291 60430 -1 13 0.000276205 3.35647e-05 0.268889 0.38719 0.000212174 0.268819 -0.211499 4.72816 0.988199 0.378116 1.0308 0.383528 34.7637 17.8731 29.8172 13.6621 536.5 13
291 70631 -1 13 0.000276205 3.35647e-05 0.268889 0.38719 0.000212174 0.268819 -0.211499 4.72816 0.988199 0.378116 1.04936 0.380808 49.9104 24.8618 43.2774 19.4689 776 14
291 80814 -1 13 0.000276205 3.35647e-05 0.268889 0.38719 0.000212174 0.268819 -0.211499 4.72816 0.988199 0.378116 1.07069 0.400559 67.6309 32.4304 59.3481 27.8204 331 0
291 91115 -1 13 0.000276205 3.35647e-05 0.268889 0.38719 0.000212174 0.268819 -0.211499 4.72816 0.988199 0.378116 1.0968 0.355587 89.2125 40.7206 79.3769 32.3956 685.5 1
291 101416 -1 13 0.000276205 3.35647e-05 0.268889 0.38719 0.000212174 0.268819 -0.211499 4.72816 0.988199 0.378116 1.11855 0.387116 107.093 46.7982 96.3269 42.5007 970 1

305 50333 -1 13 0.00264591 0.000576902 -2.59672 0.440818 0.00209208 -2.59748 -0.314274 3.18194 1.0975 0.427662 1.13762 0.321496 23.2294 9.75068 21.0839 7.59749 573.5 21
305 60430 -1 13 0.00264591 0.000576902 -2.59672 0.440818 0.00209208 -2.59748 -0.314274 3.18194 1.0975 0.427662 1.15893 0.3581 34.9771 14.002 32.0522 12.7947 89.5 19
305 70631 -1 13 0.00264591 0.000576902 -2.59672 0.440818 0.00209208 -2.59748 -0.314274 3.18194 1.0975 0.427662 1.18632 0.380357 49.9723 18.7434 46.324 19.4689 92.5 14
305 80914 -1 13 0.00264591 0.000576902 -2.59672 0.440818 0.00209208 -2.59748 -0.314274 3.18194 1.0975 0.427662 1.22203 0.38935 69.6796 23.8124 65.4845 27.8204 167.5 0
305 91215 -1 13 0.00264591 0.000576902 -2.59672 0.440818 0.00209208 -2.59748 -0.314274 3.18194 1.0975 0.427662 1.25396 0.416676 87.2604 27.1869 82.9172 37.4206 140.5 0
305 101616 -1 13 0.00264591 0.000576902 -2.59672 0.440818 0.00209208 -2.59748 -0.314274 3.18194 1.0975 0.427662 1.29028 0.3872 107.069 29.642 102.884 42.5007 894 1

310 50334 -1 13 0.00394827 0.000954673 5.26045 0.245513 0.00336838 5.25989 -0.163046 6.13324 1.21498 0.243111 1.23703 0.452297 23.8562 7.81548 22.5397 11.1618 339 28
310 60530 -1 13 0.00394827 0.000954673 5.26045 0.245513 0.00336838 5.25989 -0.163046 6.13324 1.21498 0.243111 1.24924 0.378483 36.8656 11.6511 34.976 14.2885 699.667 8.66667
310 70731 -1 13 0.00394827 0.000954673 5.26045 0.245513 0.00336838 5.25989 -0.163046 6.13324 1.21498 0.243111 1.26343 0.340731 51.8862 15.6981 49.4545 18.0233 636 24
310 81014 -1 13 0.00394827 0.000954673 5.26045 0.245513 0.00336838 5.25989 -0.163046 6.13324 1.21498 0.243111 1.27826 0.330917 67.6442 19.5075 64.7703 22.7954 738.5 1
310 91314 -1 13 0.00394827 0.000954673 5.26045 0.245513 0.00336838 5.25989 -0.163046 6.13324 1.21498 0.243111 1.299 0.304992 89.8178 24.1124 86.5207 27.8204 691.5 0
310 101615 -1 13 0.00394827 0.000954673 5.26045 0.245513 0.00336838 5.25989 -0.163046 6.13324 1.21498 0.243111 1.31461 0.299921 106.411 26.9635 102.939 32.3956 604 1

315 50332 -1 13 0.000839577 -0.000299662 -2.44145 0.327133 0.000874448 -2.44151 -0.308116 3.24553 1.03234 0.321563 1.07226 0.220942 23.9488 11.4509 21.0338 5.33446 732.5 9
315 60429 -1 13 0.000839577 -0.000299662 -2.44145 0.327133 0.000874448 -2.44151 -0.308116 3.24553 1.03234 0.321563 1.09021 0.254302 34.1862 15.8042 30.3138 8.78763 332.5 15
315 70630 -1 13 0.000839577 -0.000299662 -2.44145 0.327133 0.000874448 -2.44151 -0.308116 3.24553 1.03234 0.321563 1.11652 0.275168 49.2193 21.5981 44.2273 13.7151 441.5 22
315 80914 -1 13 0.000839577 -0.000299662 -2.44145 0.327133 0.000874448 -2.44151 -0.308116 3.24553 1.03234 0.321563 1.1527 0.321775 69.6349 28.2734 63.6367 22.7954 704 1
315 91214 -1 13 0.000839577 -0.000299662 -2.44145 0.327133 0.000874448 -2.44151 -0.308116 3.24553 1.03234 0.321563 1.18505 0.311631 87.8446 33.0514 81.3897 27.8204 810.5 0
315 101515 -1 13 0.000839577 -0.000299662 -2.44145 0.327133 0.000874448 -2.44151 -0.308116 3.24553 1.03234 0.321563 1.2218 0.294505 108.426 37.0769 101.89 32.3956 728 1

324 50333 -1 13 0.000686451 0.000790864 0.575278 0.307071 0.000218735 0.574963 -0.0243957 40.9908 1.06638 0.302439 1.06952 0.325801 23.3479 11.2197 20.4754 7.74205 732.5 20
324 60430 -1 13 0.000686451 0.000790864 0.575278 0.307071 0.000218735 0.574963 -0.0243957 40.9908 1.06638 0.302439 1.07107 0.316925 34.7689 16.6607 30.5172 11.2045 396.5 30
324 70630 -1 13 0.000686451 0.000790864 0.575278 0.307071 0.000218735 0.574963 -0.0243957 40.9908 1.06638 0.302439 1.07315 0.314376 49.2491 23.5093 43.2757 15.739 655 8
324 80814 -1 13 0.000686451 0.000790864 0.575278 0.307071 0.000218735 0.574963 -0.0243957 40.9908 1.06638 0.302439 1.07574 0.330938 67.6398 32.1342 59.5191 22.7954 293 1
324 91114 -1 13 0.000686451 0.000790864 0.575278 0.307071 0.000218735 0.574963 -0.0243957 40.9908 1.06638 0.302439 1.07885 0.304852 89.8604 42.4453 79.2042 27.8204 866 0
324 101315 -1 13 0.000686451 0.000790864 0.575278 0.307071 0.000218735 0.574963 -0.0243957 40.9908 1.06638 0.302439 1.08144 0.294547 108.41 50.9592 95.6866 32.3956 427 1

330 50334 -1 13 0.00191017 -0.000125075 4.56317 0.382758 0.00187909 4.56303 -0.0367597 27.2037 1.31342 0.373979 1.31806 0.544931 24.05 6.01391 23.2859 13.7639 144 10
330 60531 -1 13 0.00191017 -0.000125075 4.56317 0.382758 0.00187909 4.56303 -0.0367597 27.2037 1.31342 0.373979 1.32088 0.489746 36.198 8.95271 35.0734 18.445 436.5 8
330 70732 -1 13 0.00191017 -0.000125075 4.56317 0.382758 0.00187909 4.56303 -0.0367597 27.2037 1.31342 0.373979 1.32402 0.455301 51.2819 12.527 49.7284 24.1638 323.5 10
330 81015 -1 13 0.00191017 -0.000125075 4.56317 0.382758 0.00187909 4.56303 -0.0367597 27.2037 1.31342 0.373979 1.3274 0.466296 67.0191 16.1519 65.0437 32.3956 370.5 1
330 91315 -1 13 0.00191017 -0.000125075 4.56317 0.382758 0.00187909 4.56303 -0.0367597 27.2037 1.31342 0.373979 1.33202 0.408059 89.2076 21.0987 86.6766 37.4206 363 0
330 101616 -1 13 0.00191017 -0.000125075 4.56317 0.382758 0.00187909 4.56303 -0.0367597 27.2037 1.31342 0.373979 1.33581 0.430642 107.021 24.9176 104.08 47.5257 352.5 0

340 50333 -1 13 -0.000676647 -0.000615807 -1.9049 0.416147 -0.000451306 -1.90457 -0.0913204 10.9505 1.25421 0.404985 1.26576 0.326449 23.2999 6.99752 22.2243 7.74205 275.5 20
340 60530 -1 13 -0.000676647 -0.000615807 -1.9049 0.416147 -0.000451306 -1.90457 -0.0913204 10.9505 1.25421 0.404985 1.27287 0.359306 36.8238 10.8092 35.2016 13.5175 612.5 14
340 70731 -1 13 -0.000676647 -0.000615807 -1.9049 0.416147 -0.000451306 -1.90457 -0.0913204 10.9505 1.25421 0.404985 1.28058 0.372278 51.867 14.8421 49.6981 19.7581 547 12
340 81014 -1 13 -0.000676647 -0.000615807 -1.9049 0.416147 -0.000451306 -1.90457 -0.0913204 10.9505 1.25421 0.404985 1.2889 0.400587 67.6259 18.812 64.9566 27.8204 658.5 0
340 91315 -1 13 -0.000676647 -0.000615807 -1.9049 0.416147 -0.000451306 -1.90457 -0.0913204 10.9505 1.25421 0.404985 1.30009 0.408042 89.2115 23.8563 85.9626 37.4206 679.5 0
340 101616 -1 13 -0.000676647 -0.000615807 -1.9049 0.416147 -0.000451306 -1.90457 -0.0913204 10.9505 1.25421 0.404985 1.30945 0.387362 107.022 27.6528 103.387 42.5007 666 1

342 50334 -1 13 0.000964036 -0.000120728 4.08045 0.334047 0.000960257 4.0804 -0.0949663 10.53 1.29349 0.328128 1.30623 0.483874 24.0117 6.27876 23.1762 12.0773 172.667 21.6667
342 60531 -1 13 0.000964036 -0.000120728 4.08045 0.334047 0.000960257 4.0804 -0.0949663 10.53 1.29349 0.328128 1.313 0.432115 36.1957 9.228 34.9996 16.132 465 24
342 70731 -1 13 0.000964036 -0.000120728 4.08045 0.334047 0.000960257 4.0804 -0.0949663 10.53 1.29349 0.328128 1.32164 0.400663 51.883 12.7934 50.281 21.3483 334 1
342 70732 -1 13 0.000964036 -0.000120728 4.08045 0.334047 0.000960257 4.0804 -0.0949663 10.53 1.29349 0.328128 1.32133 0.402918 51.2779 12.6601 49.6905 21.2244 337.333 30.3333
342 81014 -1 13 0.000964036 -0.000120728 4.08045 0.334047 0.000960257 4.0804 -0.0949663 10.53 1.29349 0.328128 1.33016 0.400579 67.6273 16.1171 65.6787 27.8204 348.5 0
342 91315 -1 13 0.000964036 -0.000120728 4.08045 0.334047 0.000960257 4.0804 -0.0949663 10.53 1.29349 0.328128 1.3418 0.355541 89.2246 20.2536 86.8954 32.3956 266 1
342 101615 -1 13 0.000964036 -0.000120728 4.08045 0.334047 0.000960257 4.0804 -0.0949663 10.53 1.29349 0.328128 1.3511 0.344666 106.451 23.1988 103.892 37.4206 172.5 0

350 50333 -1 13 -1.94009e-05 9.37778e-05 0.404072 0.327311 -6.59855e-05 0.404049 -0.128677 7.77137 1.01463 0.321732 1.0318 0.335964 23.461 12.0419 20.1348 8.03117 821.5 18
350 60430 -1 13 -1.94009e-05 9.37778e-05 0.404072 0.327311 -6.59855e-05 0.404049 -0.128677 7.77137 1.01463 0.321732 1.04015 0.3328 34.7599 17.5917 29.9797 11.7828 504 26
350 70630 -1 13 -1.94009e-05 9.37778e-05 0.404072 0.327311 -6.59855e-05 0.404049 -0.128677 7.77137 1.01463 0.321732 1.05099 0.329851 49.3002 24.488 42.7884 16.5582 764.333 2.33333
350 80814 -1 13 -1.94009e-05 9.37778e-05 0.404072 0.327311 -6.59855e-05 0.404049 -0.128677 7.77137 1.01463 0.321732 1.06443 0.331021 67.6222 32.7967 59.1366 22.7954 378 1
350 91114 -1 13 -1.94009e-05 9.37778e-05 0.404072 0.327311 -6.59855e-05 0.404049 -0.128677 7.77137 1.01463 0.321732 1.0808 0.304872 89.8543 42.2877 79.2814 27.8204 846.5 0
350 101315 -1 13 -1.94009e-05 9.37778e-05 0.404072 0.327311 -6.59855e-05 0.404049 -0.128677 7.77137 1.01463 0.321732 1.09455 0.338608 108.429 49.7086 96.3634 37.4206 269 0

